Scrape Xetra

https://api.boerse-frankfurt.de/v1/tradingview/history?symbol=XETR%3ADE000A0H08J9&resolution=1W&from=1537747200&to=1736812800&countback=330

https://api.boerse-frankfurt.de/v1/tradingview/history?symbol=XETR%3ADE000A0H08J9&resolution=1M&from=-860025600&to=1736812800&countback=987

https://api.boerse-frankfurt.de/v1/tradingview/history?symbol=XETR%3ADE000A0H08J9&resolution=1W&from=1730735527&to=1736783527&countback=2

https://api.boerse-frankfurt.de/v1/tradingview/history?symbol=XETR%3ADE000A0H08J9&resolution=1D&from=1735919734&to=1736783734&countback=2

ISIN:   IE00B5BMR087
symbol: XETR:IE00B5BMR087
resolution: 1W
from:   1546300800
to:	    1745280000
countback:  329
https://api.boerse-frankfurt.de/v1/tradingview/history?symbol=XETR%3AIE00B5BMR087&resolution=1W&from=1546300800&to=1745280000&countback=329

Isin: DE000A0H08J9
resolution: 1D
from:   1735919734
to:	    1736783734
countback:  2
https://api.boerse-frankfurt.de/v1/tradingview/history?symbol=XETR%3ADE000A0H08J9&resolution=1D&from=1735919734&to=1736783734&countback=2

json response
{
    "s": "ok",
    "t": [
        1736125200,
        1736211600,
        1736298000,
        1736384400,
        1736470800,
        1736730000
    ],
    "c": [
        89.769999999999996,
        89.709999999999994,
        89.879999999999995,
        90.069999999999993,
        89.540000000000006,
        88.230000000000004
    ],
    "o": [
        88.5,
        89.909999999999997,
        89.75,
        89.310000000000002,
        90.030000000000001,
        88.650000000000006
    ],
    "h": [
        89.769999999999996,
        90,
        90.540000000000006,
        90.140000000000001,
        90.189999999999998,
        88.859999999999999
    ],
    "l": [
        88.329999999999998,
        89.310000000000002,
        89.469999999999999,
        89.310000000000002,
        89.109999999999999,
        87.75
    ],
    "v": [
        4395680.4699999997,
        1579085.22,
        3297222.8700000001,
        515360.57000000001,
        5000581.6200000001,
        3485169.5600000001
    ]
}

{"s":"ok","t":[1736125200,1736211600,1736298000,1736384400,1736470800,1736730000],"c":[89.77,89.71,89.88,90.07,89.54,88.23],"o":[88.5,89.91,89.75,89.31,90.03,88.65],"h":[89.77,90,90.54,90.14,90.19,88.86],"l":[88.33,89.31,89.47,89.31,89.11,87.75],"v":[4395680.47,1579085.22,3297222.87,515360.57,5000581.62,3485169.56]}

No countback
https://api.boerse-frankfurt.de/v1/tradingview/history?symbol=XETR%3AIE00B5BMR087&resolution=1D&from=1546300800&to=1745280000
response:
{"s":"ok","t":[1546390800,1546477200,1546563600,1546822800,1546909200,1546995600,1547082000,1547168400,1547427600,1547514000,1547600400,1547686800,1547773200,1548032400,1548118800,1548205200,1548291600,1548378000,1548637200,1548723600,1548810000,1548896400,1548982800,1549242000,1549328400,1549414800,1549501200,1549587600,1549846800,1549933200,1550019600,1550106000,1550192400,1550451600,1550538000,1550624400,1550710800,1550797200,1551056400,1551142800,1551229200,1551315600,1551402000,1551661200,1551747600,1551834000,1551920400,1552006800,1552266000,1552352400,1552438800,1552525200,1552611600,1552870800,1552957200,1553043600,1553130000,1553216400,1553475600,1553562000,1553648400,1553734800,1553821200,1554076800,1554163200,1554249600,1554336000,1554422400,1554681600,1554768000,1554854400,1554940800,1555027200,1555286400,1555372800,1555459200,1555545600,1555977600,1556064000,1556150400,1556236800,1556496000,1556582400,1556755200,1556841600,1557100800,1557187200,1557273600,1557360000,1557446400,1557705600,1557792000,1557878400,1557964800,1558051200,1558310400,1558396800,1558483200,1558569600,1558656000,1558915200,1559001600,1559088000,1559174400,1559260800,1559520000,1559606400,1559692800,1559779200,1559865600,1560211200,1560297600,1560384000,1560470400,1560729600,1560816000,1560902400,1560988800,1561075200,1561334400,1561420800,1561507200,1561593600,1561680000,1561939200,1562025600,1562112000,1562198400,1562284800,1562544000,1562630400,1562716800,1562803200,1562889600,1563148800,1563235200,1563321600,1563408000,1563494400,1563753600,1563840000,1563926400,1564012800,1564099200,1564358400,1564444800,1564531200,1564617600,1564704000,1564963200,1565049600,1565136000,1565222400,1565308800,1565568000,1565654400,1565740800,1565827200,1565913600,1566172800,1566259200,1566345600,1566432000,1566518400,1566777600,1566864000,1566950400,1567036800,1567123200,1567382400,1567468800,1567555200,1567641600,1567728000,1567987200,1568073600,1568160000,1568246400,1568332800,1568592000,1568678400,1568764800,1568851200,1568937600,1569196800,1569283200,1569369600,1569456000,1569542400,1569801600,1569888000,1569974400,1570147200,1570406400,1570492800,1570579200,1570665600,1570752000,1571011200,1571097600,1571184000,1571270400,1571356800,1571616000,1571702400,1571788800,1571875200,1571961600,1572224400,1572310800,1572397200,1572483600,1572570000,1572829200,1572915600,1573002000,1573088400,1573174800,1573434000,1573520400,1573606800,1573693200,1573779600,1574038800,1574125200,1574211600,1574298000,1574384400,1574643600,1574730000,1574816400,1574902800,1574989200,1575248400,1575334800,1575421200,1575507600,1575594000,1575853200,1575939600,1576026000,1576112400,1576198800,1576458000,1576544400,1576630800,1576717200,1576803600,1577062800,1577408400,1577667600,1577926800,1578013200,1578272400,1578358800,1578445200,1578531600,1578618000,1578877200,1578963600,1579050000,1579136400,1579222800,1579482000,1579568400,1579654800,1579741200,1579827600,1580086800,1580173200,1580259600,1580346000,1580432400,1580691600,1580778000,1580864400,1580950800,1581037200,1581296400,1581382800,1581469200,1581555600,1581642000,1581901200,1581987600,1582074000,1582160400,1582246800,1582506000,1582592400,1582678800,1582765200,1582851600,1583110800,1583197200,1583283600,1583370000,1583456400,1583715600,1583802000,1583888400,1583974800,1584061200,1584320400,1584406800,1584493200,1584579600,1584666000,1584925200,1585011600,1585098000,1585184400,1585270800,1585526400,1585612800,1585699200,1585785600,1585872000,1586131200,1586217600,1586304000,1586390400,1586822400,1586908800,1586995200,1587081600,1587340800,1587427200,1587513600,1587600000,1587686400,1587945600,1588032000,1588118400,1588204800,1588550400,1588636800,1588723200,1588809600,1588896000,1589155200,1589241600,1589328000,1589414400,1589500800,1589760000,1589846400,1589932800,1590019200,1590105600,1590364800,1590451200,1590537600,1590624000,1590710400,1591056000,1591142400,1591228800,1591315200,1591574400,1591660800,1591747200,1591833600,1591920000,1592179200,1592265600,1592352000,1592438400,1592524800,1592784000,1592870400,1592956800,1593043200,1593129600,1593388800,1593475200,1593561600,1593648000,1593734400,1593993600,1594080000,1594166400,1594252800,1594339200,1594598400,1594684800,1594771200,1594857600,1594944000,1595203200,1595289600,1595376000,1595462400,1595548800,1595808000,1595894400,1595980800,1596067200,1596153600,1596412800,1596499200,1596585600,1596672000,1596758400,1597017600,1597104000,1597190400,1597276800,1597363200,1597622400,1597708800,1597795200,1597881600,1597968000,1598227200,1598313600,1598400000,1598486400,1598572800,1598832000,1598918400,1599004800,1599091200,1599177600,1599436800,1599523200,1599609600,1599696000,1599782400,1600041600,1600128000,1600214400,1600300800,1600387200,1600646400,1600732800,1600819200,1600905600,1600992000,1601251200,1601337600,1601424000,1601510400,1601596800,1601856000,1601942400,1602028800,1602115200,1602201600,1602460800,1602547200,1602633600,1602720000,1602806400,1603065600,1603152000,1603238400,1603324800,1603411200,1603674000,1603760400,1603846800,1603933200,1604019600,1604278800,1604365200,1604451600,1604538000,1604624400,1604883600,1604970000,1605056400,1605142800,1605229200,1605488400,1605574800,1605661200,1605747600,1605834000,1606093200,1606179600,1606266000,1606352400,1606438800,1606698000,1606784400,1606870800,1606957200,1607043600,1607302800,1607389200,1607475600,1607562000,1607648400,1607907600,1607994000,1608080400,1608166800,1608253200,1608512400,1608598800,1608685200,1609117200,1609203600,1609290000,1609722000,1609808400,1609894800,1609981200,1610067600,1610326800,1610413200,1610499600,1610586000,1610672400,1610931600,1611018000,1611104400,1611190800,1611277200,1611536400,1611622800,1611709200,1611795600,1611882000,1612141200,1612227600,1612314000,1612400400,1612486800,1612746000,1612832400,1612918800,1613005200,1613091600,1613350800,1613437200,1613523600,1613610000,1613696400,1613955600,1614042000,1614128400,1614214800,1614301200,1614560400,1614646800,1614733200,1614819600,1614906000,1615165200,1615251600,1615338000,1615424400,1615510800,1615770000,1615856400,1615942800,1616029200,1616115600,1616374800,1616461200,1616547600,1616634000,1616720400,1616976000,1617062400,1617148800,1617235200,1617667200,1617753600,1617840000,1617926400,1618185600,1618272000,1618358400,1618444800,1618531200,1618790400,1618876800,1618963200,1619049600,1619136000,1619395200,1619481600,1619568000,1619654400,1619740800,1620000000,1620086400,1620172800,1620259200,1620345600,1620604800,1620691200,1620777600,1620864000,1620950400,1621209600,1621296000,1621382400,1621468800,1621555200,1621900800,1621987200,1622073600,1622160000,1622419200,1622505600,1622592000,1622678400,1622764800,1623024000,1623110400,1623196800,1623283200,1623369600,1623628800,1623715200,1623801600,1623888000,1623974400,1624233600,1624320000,1624406400,1624492800,1624579200,1624838400,1624924800,1625011200,1625097600,1625184000,1625443200,1625529600,1625616000,1625702400,1625788800,1626048000,1626134400,1626220800,1626307200,1626393600,1626652800,1626739200,1626825600,1626912000,1626998400,1627257600,1627344000,1627430400,1627516800,1627603200,1627862400,1627948800,1628035200,1628121600,1628208000,1628467200,1628553600,1628640000,1628726400,1628812800,1629072000,1629158400,1629244800,1629331200,1629417600,1629676800,1629763200,1629849600,1629936000,1630022400,1630281600,1630368000,1630454400,1630540800,1630627200,1630886400,1630972800,1631059200,1631145600,1631232000,1631491200,1631577600,1631664000,1631750400,1631836800,1632096000,1632182400,1632268800,1632355200,1632441600,1632700800,1632787200,1632873600,1632960000,1633046400,1633305600,1633392000,1633478400,1633564800,1633651200,1633910400,1633996800,1634083200,1634169600,1634256000,1634515200,1634601600,1634688000,1634774400,1634860800,1635120000,1635206400,1635292800,1635379200,1635465600,1635728400,1635814800,1635901200,1635987600,1636074000,1636333200,1636419600,1636506000,1636592400,1636678800,1636938000,1637024400,1637110800,1637197200,1637283600,1637542800,1637629200,1637715600,1637802000,1637888400,1638147600,1638234000,1638320400,1638406800,1638493200,1638752400,1638838800,1638925200,1639011600,1639098000,1639357200,1639443600,1639530000,1639616400,1639702800,1639962000,1640048400,1640134800,1640221200,1640566800,1640653200,1640739600,1640826000,1641171600,1641258000,1641344400,1641430800,1641517200,1641776400,1641862800,1641949200,1642035600,1642122000,1642381200,1642467600,1642554000,1642640400,1642726800,1642986000,1643072400,1643158800,1643245200,1643331600,1643590800,1643677200,1643763600,1643850000,1643936400,1644195600,1644282000,1644368400,1644454800,1644541200,1644800400,1644886800,1644973200,1645059600,1645146000,1645405200,1645491600,1645578000,1645664400,1645750800,1646010000,1646096400,1646182800,1646269200,1646355600,1646614800,1646701200,1646787600,1646874000,1646960400,1647219600,1647306000,1647392400,1647478800,1647565200,1647824400,1647910800,1647997200,1648083600,1648170000,1648425600,1648512000,1648598400,1648684800,1648771200,1649030400,1649116800,1649203200,1649289600,1649376000,1649635200,1649721600,1649808000,1649894400,1650326400,1650412800,1650499200,1650585600,1650844800,1650931200,1651017600,1651104000,1651190400,1651449600,1651536000,1651622400,1651708800,1651795200,1652054400,1652140800,1652227200,1652313600,1652400000,1652659200,1652745600,1652832000,1652918400,1653004800,1653264000,1653350400,1653436800,1653523200,1653609600,1653868800,1653955200,1654041600,1654128000,1654214400,1654473600,1654560000,1654646400,1654732800,1654819200,1655078400,1655164800,1655251200,1655337600,1655424000,1655683200,1655769600,1655856000,1655942400,1656028800,1656288000,1656374400,1656460800,1656547200,1656633600,1656892800,1656979200,1657065600,1657152000,1657238400,1657497600,1657584000,1657670400,1657756800,1657843200,1658102400,1658188800,1658275200,1658361600,1658448000,1658707200,1658793600,1658880000,1658966400,1659052800,1659312000,1659398400,1659484800,1659571200,1659657600,1659916800,1660003200,1660089600,1660176000,1660262400,1660521600,1660608000,1660694400,1660780800,1660867200,1661126400,1661212800,1661299200,1661385600,1661472000,1661731200,1661817600,1661904000,1661990400,1662076800,1662336000,1662422400,1662508800,1662595200,1662681600,1662940800,1663027200,1663113600,1663200000,1663286400,1663545600,1663632000,1663718400,1663804800,1663891200,1664150400,1664236800,1664323200,1664409600,1664496000,1664755200,1664841600,1664928000,1665014400,1665100800,1665360000,1665446400,1665532800,1665619200,1665705600,1665964800,1666051200,1666137600,1666224000,1666310400,1666569600,1666656000,1666742400,1666828800,1666915200,1667178000,1667264400,1667350800,1667437200,1667523600,1667782800,1667869200,1667955600,1668042000,1668128400,1668387600,1668474000,1668560400,1668646800,1668733200,1668992400,1669078800,1669165200,1669251600,1669338000,1669597200,1669683600,1669770000,1669856400,1669942800,1670202000,1670288400,1670374800,1670461200,1670547600,1670806800,1670893200,1670979600,1671066000,1671152400,1671411600,1671498000,1671584400,1671670800,1671757200,1672102800,1672189200,1672275600,1672362000,1672621200,1672707600,1672794000,1672880400,1672966800,1673226000,1673312400,1673398800,1673485200,1673571600,1673830800,1673917200,1674003600,1674090000,1674176400,1674435600,1674522000,1674608400,1674694800,1674781200,1675040400,1675126800,1675213200,1675299600,1675386000,1675645200,1675731600,1675818000,1675904400,1675990800,1676250000,1676336400,1676422800,1676509200,1676595600,1676854800,1676941200,1677027600,1677114000,1677200400,1677459600,1677546000,1677632400,1677718800,1677805200,1678064400,1678150800,1678237200,1678323600,1678410000,1678669200,1678755600,1678842000,1678928400,1679014800,1679274000,1679360400,1679446800,1679533200,1679619600,1679875200,1679961600,1680048000,1680134400,1680220800,1680480000,1680566400,1680652800,1680739200,1681171200,1681257600,1681344000,1681430400,1681689600,1681776000,1681862400,1681948800,1682035200,1682294400,1682380800,1682467200,1682553600,1682640000,1682985600,1683072000,1683158400,1683244800,1683504000,1683590400,1683676800,1683763200,1683849600,1684108800,1684195200,1684281600,1684368000,1684454400,1684713600,1684800000,1684886400,1684972800,1685059200,1685318400,1685404800,1685491200,1685577600,1685664000,1685923200,1686009600,1686096000,1686182400,1686268800,1686528000,1686614400,1686700800,1686787200,1686873600,1687132800,1687219200,1687305600,1687392000,1687478400,1687737600,1687824000,1687910400,1687996800,1688083200,1688342400,1688428800,1688515200,1688601600,1688688000,1688947200,1689033600,1689120000,1689206400,1689292800,1689552000,1689638400,1689724800,1689811200,1689897600,1690156800,1690243200,1690329600,1690416000,1690502400,1690761600,1690848000,1690934400,1691020800,1691107200,1691366400,1691452800,1691539200,1691625600,1691712000,1691971200,1692057600,1692144000,1692230400,1692316800,1692576000,1692662400,1692748800,1692835200,1692921600,1693180800,1693267200,1693353600,1693440000,1693526400,1693785600,1693872000,1693958400,1694044800,1694131200,1694390400,1694476800,1694563200,1694649600,1694736000,1694995200,1695081600,1695168000,1695254400,1695340800,1695600000,1695686400,1695772800,1695859200,1695945600,1696204800,1696291200,1696377600,1696464000,1696550400,1696809600,1696896000,1696982400,1697068800,1697155200,1697414400,1697500800,1697587200,1697673600,1697760000,1698019200,1698105600,1698192000,1698278400,1698364800,1698627600,1698714000,1698800400,1698886800,1698973200,1699232400,1699318800,1699405200,1699491600,1699578000,1699837200,1699923600,1700010000,1700096400,1700182800,1700442000,1700528400,1700614800,1700701200,1700787600,1701046800,1701133200,1701219600,1701306000,1701392400,1701651600,1701738000,1701824400,1701910800,1701997200,1702256400,1702342800,1702429200,1702515600,1702602000,1702861200,1702947600,1703034000,1703120400,1703206800,1703638800,1703725200,1703811600,1704157200,1704243600,1704330000,1704416400,1704675600,1704762000,1704848400,1704934800,1705021200,1705280400,1705366800,1705453200,1705539600,1705626000,1705885200,1705971600,1706058000,1706144400,1706230800,1706490000,1706576400,1706662800,1706749200,1706835600,1707094800,1707181200,1707267600,1707354000,1707440400,1707699600,1707786000,1707872400,1707958800,1708045200,1708304400,1708390800,1708477200,1708563600,1708650000,1708909200,1708995600,1709082000,1709168400,1709254800,1709514000,1709600400,1709686800,1709773200,1709859600,1710118800,1710205200,1710291600,1710378000,1710464400,1710723600,1710810000,1710896400,1710982800,1711069200,1711328400,1711414800,1711501200,1711587600,1712016000,1712102400,1712188800,1712275200,1712534400,1712620800,1712707200,1712793600,1712880000,1713139200,1713225600,1713312000,1713398400,1713484800,1713744000,1713830400,1713916800,1714003200,1714089600,1714348800,1714435200,1714608000,1714694400,1714953600,1715040000,1715126400,1715212800,1715299200,1715558400,1715644800,1715731200,1715817600,1715904000,1716163200,1716249600,1716336000,1716422400,1716508800,1716768000,1716854400,1716940800,1717027200,1717113600,1717372800,1717459200,1717545600,1717632000,1717718400,1717977600,1718064000,1718150400,1718236800,1718323200,1718582400,1718668800,1718755200,1718841600,1718928000,1719187200,1719273600,1719360000,1719446400,1719532800,1719792000,1719878400,1719964800,1720051200,1720137600,1720396800,1720483200,1720569600,1720656000,1720742400,1721001600,1721088000,1721174400,1721260800,1721347200,1721606400,1721692800,1721779200,1721865600,1721952000,1722211200,1722297600,1722384000,1722470400,1722556800,1722816000,1722902400,1722988800,1723075200,1723161600,1723420800,1723507200,1723593600,1723680000,1723766400,1724025600,1724112000,1724198400,1724284800,1724371200,1724630400,1724716800,1724803200,1724889600,1724976000,1725235200,1725321600,1725408000,1725494400,1725580800,1725840000,1725926400,1726012800,1726099200,1726185600,1726444800,1726531200,1726617600,1726704000,1726790400,1727049600,1727136000,1727222400,1727308800,1727395200,1727654400,1727740800,1727827200,1727913600,1728000000,1728259200,1728345600,1728432000,1728518400,1728604800,1728864000,1728950400,1729036800,1729123200,1729209600,1729468800,1729555200,1729641600,1729728000,1729814400,1730077200,1730163600,1730250000,1730336400,1730422800,1730682000,1730768400,1730854800,1730941200,1731027600,1731286800,1731373200,1731459600,1731546000,1731632400,1731891600,1731978000,1732064400,1732150800,1732237200,1732496400,1732582800,1732669200,1732755600,1732842000,1733101200,1733187600,1733274000,1733360400,1733446800,1733706000,1733792400,1733878800,1733965200,1734051600,1734310800,1734397200,1734483600,1734570000,1734656400,1734915600,1735261200,1735520400,1735779600,1735866000,1736125200,1736211600,1736298000,1736384400,1736470800,1736730000,1736816400,1736902800,1736989200,1737075600,1737334800,1737421200,1737507600,1737594000,1737680400,1737939600,1738026000,1738112400,1738198800,1738285200,1738544400,1738630800,1738717200,1738803600,1738890000,1739149200,1739235600,1739322000,1739408400,1739494800,1739754000,1739840400,1739926800,1740013200,1740099600,1740358800,1740445200,1740531600,1740618000,1740704400,1740963600,1741050000,1741136400,1741222800,1741309200,1741568400,1741654800,1741741200,1741827600,1741914000,1742173200,1742259600,1742346000,1742432400,1742518800,1742778000,1742864400,1742950800,1743037200,1743123600,1743379200,1743465600,1743552000,1743638400,1743724800,1743984000,1744070400,1744156800,1744243200,1744329600,1744588800,1744675200,1744761600,1744848000,1745280000],"c":[215.53,212.16,215.64,217.81,218.12,219.32,219.96,220.7,220.2,223.25,225.01,225.23,229.74,229.16,228.05,226.06,227.55,228.73,225.32,225.83,227.91,230.63,231.19,232.35,234.54,234.91,231.87,232.16,235.1,237.29,238.7,237.94,240.6,240.56,240.04,240.02,240,241.44,242.69,241.45,240.28,240.4,240.63,242.07,242.51,240.9,240.98,238.45,242.42,242.8,244.2,244.26,245.22,244.8,246.18,243.39,245.91,244.35,242.52,244.91,244.18,245.37,247.39,250.26,251.32,252.02,251.62,253,252.05,251.14,251.66,252.1,252.04,252.26,253.23,252.32,253.51,256.85,257.74,258.58,258.16,259.14,257.25,256.07,258.06,256.38,254.07,253.11,248.94,247.79,246.29,249.92,250.34,254.33,253.85,250.46,252.52,252.11,248.55,248.33,248.8,248.94,245.7,246.35,244.44,242.16,244.37,246.39,247.31,249.93,251.71,250.77,252.25,253.55,253.83,257.46,256.45,257.23,257.73,255.39,254.1,253.04,253.2,254.15,258.47,258.51,261.4,262.2,261.96,261.64,261.59,262.1,262.9,263.58,263.95,264.91,263.19,261.51,263.58,262.18,264.64,266.19,265.93,268.16,267.64,266.79,267.23,268.69,259.48,253.06,251.24,251.32,257.35,255.89,254.53,257.74,254.09,253.45,257.16,260.69,260.05,260.72,260.14,255.19,255.48,256.65,257.37,261.39,262.92,262.86,262.08,262.95,266.91,267.13,266.99,265.13,269.11,269.77,269.24,269.71,268.5,268.06,270.67,270.76,269.56,268.88,268.66,268.8,269.83,270.53,268.23,260.53,264.97,266.07,262.19,262.88,264.91,268.46,267.01,268.89,267.89,266.89,265.92,266.97,267.76,267.52,268.97,270.37,271.32,271.64,270.57,269.17,271.6,274.14,275.65,275.35,277.86,277.49,276.84,279.19,278.63,278.45,279.81,279.39,279.41,279.41,277.86,279.26,282.16,282.79,284.05,284.19,283.45,278.68,275.64,279.15,278.04,283.14,282.18,280.91,280.81,282.57,282.4,285.04,284.58,285.71,286.05,289.41,289.12,288.69,287.81,287.68,288.06,287.44,289.39,290.76,293.13,293.09,292.63,293.74,293.99,295.26,297.91,298.29,298.27,298.8,298.17,299.11,293.21,296.15,297.19,293.75,290.95,292.55,297.9,300.45,303.07,303.42,304.7,306.81,308.55,310.3,310.41,311.56,309.54,312.96,309.28,307.08,297.56,292.12,289.75,277.18,264.5,269.56,271.98,274.24,273.33,260.2,242.96,243.01,245.35,225.64,228.61,225.7,227.44,218.34,223.35,221.45,207.23,224.95,230.84,235.1,229.87,235.51,239.62,228.79,230.83,230.6,240.76,249.91,249.78,255.18,257.14,253.86,257.56,260.67,263.3,251.31,257.44,261.33,258.8,265.08,265.74,269.97,265.96,258.11,266.61,265.34,268,268.84,270.18,269.38,261.83,260.13,261.77,271.71,270.85,271.16,269.37,269.91,275,274.16,272.71,276.37,271.24,274.2,277.92,275.53,284.11,284.57,282.91,281.43,271.15,270.57,268.18,277.95,279.24,278,280.46,276.06,278.57,271.53,271.75,270.76,270.95,274.05,276.5,280.27,278.55,282.01,281.87,278.47,277.61,280.23,285.07,278.7,282.95,281.27,282.53,283.68,285.74,282.45,283.03,277.56,274.74,276.92,276.49,275.17,275.22,281.77,281.47,280.66,281.61,284.95,285.94,287.67,287.57,287.02,286.54,286.29,285.2,286.8,286.23,288.71,291.06,291.76,293.78,297.51,294.91,294.28,295.23,301.01,294.85,287.63,292.08,286.1,289.43,288.04,284.54,287.9,289.99,290.42,285.96,282.68,276.9,281.35,283.76,280.28,282.72,289.04,286.24,289.26,289.68,287.83,289.65,290.61,291.11,293.72,295.14,300.69,302.21,300.4,297.88,300.7,296.87,292.95,292.25,292.22,293.46,288.36,288.95,282.55,285.08,281.99,286.53,290.76,298.16,299.73,297.25,307.96,301.46,305.91,303.47,303.44,308.39,306.71,307.08,302.91,304.19,303.26,307.73,306.97,307.18,306.73,303.94,307.3,305.4,305.15,306.72,307.03,308.04,308.48,305.93,303.4,305.43,304.33,306.84,305.99,305.08,302.43,305.2,306.33,308.33,308.13,307.39,304.35,305.07,309.77,312.8,314.01,316.31,315.75,316.2,317.25,315.2,315.55,315.2,320.2,320.25,318.36,318.31,319.94,316.07,317.6,310.56,314.3,322.17,321.74,325.22,326.45,327.02,326.69,325.23,326.38,327.02,329.58,328.68,327.95,326.3,327.26,323.53,320.97,325.14,321.61,321.12,326.97,324.75,323.69,321.52,318.12,329.77,331.01,331.73,334.36,332.36,334.2,337.52,335.35,335.93,333.4,334.36,336.18,336.46,334.52,338.06,340.21,341.95,343.51,344.69,348.84,347.01,348.17,349.58,350.31,350.76,350.52,352.33,353.19,350.68,346.87,349.74,352.09,350.65,351.44,350.91,350.95,350.58,352.3,352.69,349.46,353.06,350.95,353.24,352.55,345.55,343.8,345.12,347.88,346.32,345.55,338.86,345.29,347.1,347.19,348.52,349.89,350.5,348.16,349.06,350.18,351.2,351.91,350.89,351.16,352.26,353.31,355.54,354.74,354.96,355.65,359.91,357.68,359.32,361.47,360.79,363,363.68,364,366.19,368,369.08,371.6,372.69,371.65,374.44,369.86,373.67,374.77,377.45,375.61,375.38,374,367.23,372.38,374.43,376.11,380.5,380.09,376.44,378.81,378.15,376.59,377.39,376.56,378.18,379.33,382.94,383.34,384.72,384.52,385.37,384.8,384.13,386.18,385.92,382.6,386.09,388.58,388.48,388.97,387.28,388.54,391.14,390.51,388.95,389.66,388.46,390,388.17,387.83,388.59,385.68,384.35,383.83,383.7,385.2,384.92,377.94,380.11,381.86,386.02,385.94,386.96,380.28,383.14,382.94,379.93,375.38,382.74,380.24,389.58,387.1,388.08,384.75,381.94,388.94,392.3,393.1,395.02,396.56,396.22,397.01,399.93,403.21,401.8,400.23,405.04,405.19,407.52,406.95,412.22,414.97,413.6,411.97,413.96,414.19,416.77,418.38,423.4,422.92,421.77,424.32,428.32,422.5,427.05,428.18,414.24,420.32,415.02,418.41,410.65,409.72,414.53,425.56,421.4,424.2,422.18,422.63,418.09,418.23,424.74,420.35,409.69,417.15,422.15,426.82,429.75,432.4,430.59,432.63,431.08,433.35,431.42,424.68,421.35,415.51,420.89,422.37,420.82,414.62,417.99,413.16,410.72,414.08,403.74,387.01,391.2,400.31,403.89,399.21,407,410.04,411.7,404.3,400.02,401.73,403.69,408.71,405.5,402.08,398.54,401.92,399.47,397.82,392.98,388.59,389.72,387.21,383.76,396.35,399.22,397.46,402.9,403.85,401.86,401.12,391.83,394.3,391.36,397.36,390.76,396.77,402.7,403.34,409.99,412.74,418.35,417.38,417.65,420.95,422.95,425.13,423.02,423.48,419.92,425.22,427.61,419.25,418.8,424.32,417.7,420,417.82,420.45,422.3,422.35,422.42,411.7,404.49,404.88,409.63,411.12,410.92,402.1,407.68,402.94,405.64,399.55,390.56,386.86,391.19,386.59,396.16,393.54,395.49,388.62,379.07,376.69,381.26,371.43,379.68,386.89,395.23,398.23,394.52,394.05,393.69,393.4,397.51,395.47,397.36,394.18,381.03,371.99,369.26,371.85,359.23,360.26,361.9,366.32,367.07,368.31,377.91,379.25,377.84,374.95,371.19,373.7,375.67,376.31,385.55,393.12,395,393.66,394.08,387.13,384.62,393,393.44,392.5,399.55,400.19,399.4,399.48,398.64,403.19,409.28,413.1,413.76,414.23,419.67,417.22,416.79,419.35,415.24,417.8,421.08,426,431.48,435.07,431.64,435.18,433.23,430.84,426.53,428.25,429.76,424,415.3,410.06,407.73,406.6,412.16,408.46,408.64,408.05,414.46,416.49,418.17,410.29,406.61,404.06,396.22,397.87,398.26,404.22,394.4,391.44,393.96,393,394.11,383.84,385.46,383.7,391.27,391.23,395.96,387.17,384.56,382.58,381.93,382.09,383.56,386.39,387.72,390.08,390.49,389.05,394.19,397.85,397.66,395.96,400.75,404.46,403.12,400.29,395.31,388.38,390.94,394.86,390.1,398,395.77,398.11,399.72,394.25,392.26,395.26,397.53,399.69,400.98,400.68,400.2,397.11,393.87,396.38,401,398.72,395.52,389.1,387.21,387.86,389.25,387.8,393.84,392.72,378.58,375.33,373.04,371.2,378.62,372.24,373.06,372.58,370.51,373.22,370.73,379.36,373.63,377.11,374.61,377.57,380.01,375.29,379.07,379.64,380.16,382.26,382.84,379.01,372.97,375.79,383.34,381.99,377.91,383.77,387.76,385.49,385.49,385.56,396.67,399.53,397.87,398.67,397.76,397.58,395.84,398.7,396.58,400.67,399.8,393.93,394.63,390.27,390.17,390.16,388.87,390.4,389.13,384.13,385.68,392.95,395.47,393.07,391.48,391.91,382.76,374.48,380.03,379.28,384.43,381.82,380.86,383.82,384.55,380.18,380.35,383.35,380.5,383.99,385.5,390.24,391.64,388.89,388.56,388.69,391.14,388.69,387.09,390.66,393.26,393.34,392.86,391.35,390.49,388.88,388.38,383.77,386.51,390.89,387.53,387.54,383.57,388.88,389.79,391.63,391.29,393.2,394.03,394.78,394.81,396.47,403.56,402.82,404.37,403.76,397.93,401.59,407.5,409.82,408.38,406.91,407.62,414.99,417.21,416.62,416.36,413.92,416.47,417.59,421.53,421.18,419.96,421.86,419.71,418.17,415.69,415.27,416.14,414.68,414.14,418.2,420.26,423.88,425.12,425.94,426.5,420.98,420.15,417.92,418.96,419.72,418.5,419.12,419.1,421.34,425.75,426.01,426.72,428.54,430.83,429.09,435.25,433.54,433.51,434.95,431.41,429,427.66,426.29,425.77,424.94,426.38,424.25,427.94,425.74,425.1,422.2,418.7,418.88,423.42,425.75,424.77,424.87,427.27,431.06,431.17,435.42,436.64,436.75,439.24,434.95,434.36,435.88,434.89,435.6,435.54,440.38,437.14,436.05,432.89,434.07,427.31,426.97,427.13,423.49,424.54,425.47,426.27,427.33,422.38,421.47,420.45,422.71,426.53,431.68,429.15,433.47,431.86,433.97,432.68,431.01,426.13,418.19,416.58,418.92,416.09,412.99,409.31,409.2,413.18,418.17,423.98,425.58,425.04,429.12,427.67,428.49,429.13,431.89,434.07,435.17,433.26,433.55,434.04,434.28,438.83,438.09,436.51,436.28,435.05,435.5,436.81,441.24,440.87,443.59,443.74,444.78,447.37,448.94,449.75,451.97,449.86,453.45,454.84,454.66,456.34,451.66,453.23,450.57,452.95,454.04,454.19,453.03,452.04,450.54,451.37,456.15,456.16,454.67,457.29,458.06,460.46,458.51,460.09,462.87,468.03,469.3,471.06,473.83,473.31,475.15,476.97,472.53,470.58,481.21,482.5,483.03,486.01,486.68,487.58,491.7,486.66,486.94,488.82,490.18,488.62,482.9,482.52,492.26,494.27,492.2,490.64,492.07,493.42,496.25,496.5,492.29,493.56,494.83,495.25,492.08,496.58,496.49,497.46,493.72,499.16,499.84,501.5,509.1,509.06,507.22,507.92,507.5,511.5,507.76,507.8,508.06,504.86,504.96,501.84,504.96,506.64,509.64,508.12,500.66,497.24,498.08,492.59,492.44,497.96,498.69,492.02,502.22,501.68,500.58,495.12,499.97,503.82,507.38,507.8,508.6,509.92,509.42,508.82,512.66,515.5,513.22,516.44,515.7,517.06,517.58,514.66,515.54,514.16,514.08,510.2,506.28,510.46,509.74,516.82,518.54,522.7,525.1,525.7,528.58,531.2,534.28,535.2,537.82,539.18,540.82,539.66,538.96,538.14,539.34,539.06,541.5,537.56,538.9,539.5,539.78,540.8,542.66,544.74,545.58,543.06,545.14,546.92,547.78,541.08,537.8,534.56,536.78,542.66,531.52,529.9,529.76,531.3,530.76,539.04,535.84,514.1,502.5,507.44,513.2,512.5,514.78,515.88,520.98,522.26,531.58,532.1,532.58,532.3,532.4,533.14,531.48,531.34,531.62,531.04,537.5,534.98,539.48,533.9,527.56,523.72,517.12,522.74,525.4,521.84,532.82,536.92,533.84,538.14,535.52,542.06,539.72,543.44,542.84,543.38,542.66,544.86,544.2,545.68,547.72,547.54,551,553.06,553.84,558.84,560.2,561.74,567.08,567.14,566.82,572.38,571.14,569.82,571.68,570.34,568.98,571.68,570.1,571.26,569.42,558.66,561.74,556.38,559.4,582.46,585.46,591.94,597.6,597.96,600.66,599.08,590.18,591.78,591.42,591.74,599.36,606.76,605.14,607.64,601.3,604.06,605.88,611,609.34,611.36,610.34,610.74,608.02,611.1,614.72,613.5,611.44,613.18,611.6,613.74,603.76,606.42,604.8,607.08,600.78,610.76,610.42,613.68,607.56,608.38,608.88,602.92,602.6,601.28,611.78,612.7,618.68,614.56,614.38,620.92,621.28,617.64,604.94,614.06,615.92,615.5,623.82,617.86,617.48,614.66,621.58,620.2,624.04,622.16,617.42,619.56,618.24,620.66,621.06,625.12,618.16,618.42,610.36,598.56,606.64,608.3,601.12,601,580.42,567.38,568.46,556.94,553.88,542.34,547.16,542.52,549,549.72,546.32,552.92,556.2,554.52,567.14,567.34,565,562.28,549.04,547.02,553.82,553.66,523.3,501.08,487.44,505,479.34,498.35,492.63,506.46,510.5,502,494.92,482.08],"o":[211.46,213.11,212.31,216.99,218.49,219.75,217.31,220.01,219.39,221.34,224.25,223.4,226.94,229.1,228.61,226.56,226.88,228.79,227.77,225.34,226.29,228.79,231.59,231.48,233.05,234.66,234.97,232.76,234.08,236.55,238.31,239.81,237.37,240.75,240.68,240.06,241.28,239.97,241.98,241.06,239.91,239.74,241.25,243.22,241.84,241.94,239.7,239.66,240,243.05,242.76,243.93,243.82,244.64,245.45,245.08,242.39,246.19,242.77,243.7,246.31,244.71,246.92,249.27,250.99,251.75,251.15,252.31,252.73,252.21,251.3,251.81,251.68,252.45,252.84,252.96,251.58,254.23,257.19,258.11,257.69,258.96,258.23,257.03,257.25,253.86,256.65,253.7,251.64,251.41,249.96,246.8,249.72,250.01,252.57,252.84,251.87,252.44,250.89,249.11,249.15,249.58,246.12,246.72,244.39,241.55,240.24,245.56,248,249.26,252.08,250.26,251.09,252.2,254.44,253.51,257.3,257.61,257.68,255.99,254.4,253.42,254.08,253.84,259.23,258.86,259.99,261.79,262.28,261.94,260.68,261.46,262.51,262.98,263.94,264.21,264.77,261.11,263.05,261.88,263.74,265.76,267.81,266.63,267.95,267.74,266.64,266.12,262.25,257.76,250.29,253.1,254.86,258.46,258.38,253.82,258.56,253.74,254.73,259.92,261.01,259.5,260.78,261.99,254.26,255.81,255.89,257.17,262,262.52,262.52,263.68,265.35,266.89,268.12,266.36,266.91,270.15,268.93,267.66,269.23,268.63,268.18,269.34,269.71,270.26,267.43,269.44,270.45,268.92,272.16,266.47,262.47,265.1,265.59,261.46,262.48,265.55,267.23,267.72,268.54,267.48,266.95,265.71,267.51,266.62,267.78,268.44,270.53,271.69,270.71,270.85,270.33,272.86,274.32,275.03,276.71,276.66,276.97,278.02,278.39,278.63,279.78,280.4,280.15,278.8,278.05,278.88,280.71,282.36,283.9,283.58,283.59,284.07,279.48,276.59,279.48,279.22,282.36,281.24,281.18,280.65,282.87,283.73,284.88,284.89,285.3,286.62,289.11,289.91,287.78,287.52,287.59,287.06,288.76,288.43,292.6,295,292.64,293.19,293.76,294.49,296.69,297.79,297.11,299.18,297.81,299.96,294.11,294.47,296.83,293.28,296.32,291.7,294.56,300.32,303.28,303.14,302.68,306.69,307.21,307.77,310.85,311.4,309.56,311.58,312.71,309,301.72,298.78,288.61,281.58,264.59,271.25,275.49,271.5,276.54,265.61,240.27,246.61,246.95,232.52,230.66,228.45,224,218.64,219.1,230.27,207.37,215.5,228.24,223.1,233.49,229.78,238.83,228.1,228.4,230.8,238.86,248.64,244.91,253.99,256.87,258.5,257.64,264.53,263.38,259.56,254.44,259.07,258.61,262.84,265.39,266.89,271.36,257.11,262.16,266.54,265.38,269.2,271.1,269.1,264.43,260.39,265.13,267.44,271.54,268.62,269.03,267.55,273.12,276.12,275.38,276.57,273.08,274.65,275.98,277.87,276.16,282.59,286.46,284.16,276.72,268.76,262.92,273.92,278.27,277.15,279.26,276.12,277.68,277.05,270.61,275.05,268.99,273.27,276.55,277.88,280.5,281.57,281.04,279.77,279.75,278.2,283.5,280.42,282.62,282.2,282.76,280.59,286.21,283.51,284.22,277.75,276.28,277.06,275.55,276.87,275.18,279.1,281.44,281.82,281.02,283.14,285.99,288.04,286.88,286.45,287.05,286.04,285.38,285.33,284.85,286.72,290.45,293.38,292.74,295.39,296.32,297.27,294.52,298.99,304.87,291.91,289.2,292.65,285.08,289.09,285.79,287,286.89,289.48,284.98,284.91,280.77,280.57,284.95,278.62,280.55,287.17,289.06,284.32,290.02,286.3,289.33,290.57,289.07,294.14,295.56,296.46,301.09,301.81,297.52,299.75,300.72,294.58,293.45,290.65,294.24,291.25,290.23,287.68,283.6,280.82,283.81,287.13,289.74,298.51,297.61,301.02,303.14,303.11,303.75,302.9,307.1,307.56,305.28,303.61,302.87,303.32,306.34,308.32,307.25,306.76,304.41,307.68,305.03,304.88,305.02,307.03,306.7,308.37,306.42,304.76,305.72,304.12,307.04,306.97,306,305.96,304.25,305.66,307.54,309.44,307.93,310.36,304.39,304.34,309.63,315.47,315.53,316.22,315.11,317.24,315.23,314.69,316.59,316.06,321.8,318.63,319.98,319.8,319.28,312.03,311.94,311.47,317.3,322.93,322.19,327.29,327.16,327.29,326.99,326.36,325.96,329.07,329.66,328.9,328.96,326.39,323.44,323.57,322.18,325.95,318.33,322.93,326.99,325.87,320.48,317.94,324.34,327.76,329.33,332.57,332.41,334.52,336.99,337.34,335.58,333.15,332.25,334.3,334.86,333.75,337.38,339.81,342.43,341.69,344.01,348.98,347.44,349.2,349,350.83,351.6,350.71,350.03,352.44,353.1,349.96,348.29,350.58,348.52,350.02,351.98,352.27,351.89,351.48,353.34,352.78,352.34,352.13,353.18,352.99,348.53,346.35,340.37,346.26,348.26,347.84,340.14,342.2,345.51,348.74,348.18,348.09,350.71,350.13,349.3,349.11,350.13,351.19,352.65,352.16,352.08,352.06,352.92,356.65,356.69,355.64,356.49,360.45,355.52,360.51,362.27,361.66,362.77,364.29,365.23,366.54,368.85,370.75,372,371.42,373.2,373.14,371.64,373.79,375.02,375.8,375.1,374.99,371.42,369.23,373.82,375.98,378.12,379.57,380.18,378.37,377.67,374.45,378.24,376.3,378.15,378.14,380.45,382.71,383.67,384.92,384.84,386.56,384.09,385.39,386.23,379.89,382.66,386.9,389.02,388.98,388.12,387.25,388.79,390.61,391.09,388.76,389.08,389.2,389.26,388.35,387.07,387.47,386.88,384.99,383.74,386.51,387.41,381.33,380.67,380.1,383.34,384.91,389.13,385.98,381.51,385.6,375.45,380.32,378.03,379.95,386.43,388.58,384.93,381.46,382.75,385.11,390.4,392.32,392.92,395.16,395.62,397.77,397.96,402.38,402.05,400.29,399.2,406.44,404.84,407.27,411.32,412.53,413.61,412.43,412.67,413.92,414.34,417.15,419.74,424.02,422.77,424.41,426.37,423.55,425.21,428.76,418.49,419.8,414.94,414.26,408.45,413.75,412.9,418.44,424.61,423.15,422.43,426.63,424.19,420.59,426.99,421.06,413.27,415.52,420.58,423.57,425.94,431.72,433.17,432.57,430.79,434.47,432.74,425.4,424.2,422.46,421.04,424.2,419.94,415.42,416.44,415.39,409.56,409.19,403.57,398.88,393.03,395.87,393.17,399.09,405.02,409.21,413.51,411.47,403.91,402.4,401.96,406.07,409.96,402.9,398.1,397.9,400.83,401.46,396.02,393.83,386.75,390.66,376.46,388.53,395.5,400.25,396.47,404.56,403.94,401.25,393.37,394.12,395.34,396.95,395.84,386.64,401.43,404.19,406.13,412.42,416.21,419.06,417.42,420.25,423.7,426.45,425.66,422.84,421.22,422.26,427.41,425.87,420.23,425.46,420.94,414.91,418.45,417.83,418.42,420.93,421.07,416.39,405.18,410.21,404.89,411.79,414.92,403.81,405.56,407.44,414.65,404.27,399.11,391.36,390.02,382.61,390.35,394.09,395.49,397.3,383.45,380.38,381.8,375.92,380.74,381.53,387.63,400.18,396.33,396.38,394.99,398.52,395.49,393.52,397.84,394.06,388.55,375.58,373.51,368.23,370.41,360.48,360.28,362.94,363.39,364.43,372.04,380.48,380.47,372.74,370.93,368.1,375.1,377.82,383.49,388.39,393.28,392.16,392.96,392.06,388.66,388.05,394.66,388.4,395.84,398.9,401.29,399.44,398.3,400.75,404.24,411.23,413.79,411.45,414.13,419.44,417.7,420.29,418.06,414.45,421.19,420.78,428.91,434.56,435.55,431.6,435.1,432.26,428.75,426.63,430,433.38,417.99,416.59,412.02,404.49,409.37,409.82,407.91,405.87,410.92,411.19,413.4,418.89,407.92,408.79,399.22,397.91,401.62,399.97,395.28,393.95,392.07,394.67,391.74,393.36,384.37,378.12,388.18,389.55,393.86,393.24,384.66,380.74,382.58,380.28,389.54,383.62,390.47,391.17,388.73,386.28,394.07,397.52,395.57,393.94,390.9,404.08,405.14,403.49,396.74,393.71,390.2,391.81,392.54,387.44,401.24,398.21,395.49,397.65,395.34,392.76,397.43,397.37,400.49,400.38,400.6,398.7,396.45,395.65,404.94,399.95,397.69,394.24,390.02,387.19,388.94,386.27,391.46,391.53,386.41,378.15,375.55,369.32,373.49,377.75,372.71,376.47,373.53,369.28,372.34,375.8,376.41,374.75,374.66,374.88,377.47,374.89,377.68,381.87,379.71,382.09,380.97,382.02,375.75,373.65,377.09,382.24,380.96,382.03,385.28,385.31,384.64,387.23,389.12,394.01,395.58,397.66,400.8,399.87,393.32,396,399.34,397.92,402.31,396.3,394.96,394.16,389.78,391.61,392.2,391.37,388.65,387.88,382.7,388.85,394.6,393.64,392.58,392.01,382.21,378.83,375.46,378.7,381.72,386.1,379.38,383.26,384.86,377.85,379.61,385.11,383.35,383.85,386.52,386.34,393.75,392.85,389.13,389.14,392.66,390.61,387.97,389.05,392.06,394.22,392.73,392.44,391.64,389.78,388.11,386.24,383.29,389.31,394.13,389.01,384.58,383.94,388.89,390.61,390.97,394.73,393.91,395.83,394.52,394.18,399.36,405.15,403,403.63,399.81,401.36,402.65,409.34,410.38,408.24,408.11,409.07,416.55,414.92,417.36,414.63,414.42,417.82,419.66,421.73,420.71,420.67,420.12,419.23,418.17,413.19,416.16,415.77,413.85,416.12,418.4,421.8,425.77,425.35,425.21,425.01,421.56,417.07,417.81,419.93,419.19,418.84,417.6,418.51,423.51,423.51,425.06,424.69,429.3,430.8,430.56,432.53,433.34,435.62,431.9,430.11,430.13,426.76,427.29,428.87,425.49,424.63,425.58,428.97,424.35,423.38,419.71,419.31,420.9,423.26,429.82,423.75,425.73,428.81,432.08,432.83,434.39,437.47,436.88,437.01,434.22,434.86,435.47,436.44,434.08,435.61,442.73,436.87,435.57,434.87,431.49,425.31,425.14,426.38,423.89,425.82,425.39,425.82,428.08,420.38,423.27,421.99,424.26,429.56,429.98,432.01,432.41,431.11,433.38,431.14,427.59,421.62,418.07,414.56,417.82,412.39,411.66,410.51,409.54,414.56,419.59,424.51,425.16,425.86,428.58,428.47,427.57,430.77,431.81,433.94,434.89,436.27,432.58,434.54,435.36,437.56,437.6,435.32,435.19,434.92,436.02,439.2,441.8,441.57,444.91,442.5,445.03,448.35,449.78,451.88,454.85,451.36,453.46,454.9,455.75,452.85,452.27,453.58,452.12,454.03,454.88,453.95,452.22,450.01,450.24,455.27,456.46,458.5,456.28,458.04,457.29,457.69,457.05,462.1,467.22,467.06,471.02,469.67,472.78,473.66,477.2,476.46,472.84,475.62,481.7,483.09,482.67,486.41,487.12,488.56,489.28,486.98,490.38,491.2,487.91,487.19,483.03,487.21,493.53,493.27,490.91,492.43,491.18,496.15,496.99,496.17,492.29,491.46,496.17,491.62,494.4,498.11,497.96,497.88,495.64,498.67,501.06,505.64,509.48,508.72,507.38,507.72,511.3,513.68,508.3,507.34,501.02,504.88,504.7,505.58,505.84,512.28,508.82,501.06,499.74,496.75,492.61,492.72,495.77,500.58,495.2,499.24,502.22,502.56,495.23,498.05,502.28,506.66,508.42,507.96,510.42,511.02,509.72,510.48,514.68,513.84,514.26,515.2,516.24,519.4,513.8,514.9,515.18,513.62,511.52,509.44,514.34,510.38,513.22,518.76,518.94,523.6,525.06,528.06,530.5,533.96,535.96,538.16,539.6,541.24,539.46,538.94,536.12,540.2,539.8,542.2,537.14,536.94,540.38,541.1,540.6,542,543.82,543.98,548.58,543.2,545.88,546.06,546.12,541.78,537.2,535.42,538.58,537.02,529.96,527.94,533.44,533.52,534.8,541.3,527.18,501.56,506.44,509.22,502.38,513.88,516.96,518.28,522.06,523.82,534.46,531.08,535.16,532.28,532.84,531.12,532.06,531.92,533.34,531.06,534.92,538.42,539.68,526.14,526,521.44,519.7,522.86,524.78,534.36,534.76,535.04,536,537,539.34,540.34,541.04,545,540.56,546.6,545.38,542.98,547.34,544.82,546.62,546.7,554,548.46,553.98,560.18,559.28,563.08,569.92,566.12,570.6,571,571.72,571.32,573.78,570.78,568.96,572.12,570.56,572,562.92,557.42,557.48,556.56,581.04,584.58,588.06,595.42,597.54,596.28,600.94,594.06,590.22,591.3,594.08,594.22,601.14,607.46,605.2,607.04,604.36,603.1,608.1,610.46,611.06,611.64,608.64,611.46,608.46,610,613.22,614.7,610.78,611.94,612.34,600.48,598.02,606.52,612.62,605.88,605.68,607.08,611.04,608.26,607.84,607.48,608.18,602.52,606.16,601.26,615.72,613.56,617.72,614.98,618.34,620.24,620.02,608.96,612.58,618.86,617.72,621.5,616.84,616.3,612.96,620.54,621.22,622.14,622.86,621.04,617.14,621,620.36,622.44,623.22,623.68,618.88,611.5,606.78,604.94,606.6,600.12,609.06,592.56,579.18,572.22,564.68,562.88,549.02,544.9,544.46,544.48,547.88,550.5,547.26,556.8,554.82,560.96,567.56,569,563.74,558.98,543.14,552.16,554.02,531.9,516.68,467.71,497.37,479.79,525.32,499.65,505.08,508.6,498.97,498.12,482.57],"h":[216.18,214.34,216.25,217.81,220.61,220.69,219.96,220.7,220.58,223.26,225.2,225.26,229.9,229.42,229.06,228.42,228.3,229.36,227.82,227.07,227.91,230.71,232.08,232.35,234.96,235.35,235.39,233.48,235.72,237.42,239.64,240.21,241.22,241,240.82,240.57,241.47,241.44,243.17,241.77,240.31,240.67,241.9,244,242.51,242.15,241.66,240.11,242.68,243.6,244.55,244.61,245.22,245.3,246.69,245.55,246.37,247.34,243.61,246.12,246.31,246.51,247.59,250.3,251.68,252.22,252.26,253.28,252.81,252.24,252.16,252.54,252.79,252.8,253.85,253.92,254.14,256.85,257.8,259.12,258.7,259.55,258.27,257.7,258.41,256.63,256.79,254.21,252.14,251.61,249.97,249.92,250.59,254.33,254.47,252.98,253,252.58,250.91,249.96,249.4,249.83,246.59,247.69,244.5,242.95,244.37,246.93,248.8,250.71,253.37,251.43,252.84,253.55,254.59,258.26,257.46,258.21,258.11,256.14,255.1,254.61,254.11,254.43,259.24,259.28,261.4,262.39,262.48,262.26,261.88,263.55,263.17,264,264.42,265.33,264.84,262.5,264.1,262.75,265,266.46,268.65,268.16,268.66,267.95,267.44,268.77,262.85,257.99,253.9,255.01,257.35,258.86,259.1,259.6,258.56,254.2,257.38,260.69,261.43,260.72,262.06,262.16,256.82,258.68,257.37,261.39,263.83,263.82,263.61,264.38,266.95,267.88,268.19,266.83,269.11,272.48,269.68,270,269.54,269.15,270.67,271,269.97,270.77,268.88,271.02,271.2,270.53,272.16,267.48,264.97,266.07,265.69,264.52,265.27,268.46,267.28,269.42,269,268,267.03,267.06,268.34,267.52,268.97,270.37,271.86,271.83,271.38,271.1,272.24,274.26,276,275.46,278,277.65,277.4,279.6,278.96,279.34,279.85,280.44,280.86,279.62,281.65,279.57,282.17,282.86,284.19,284.21,284.61,284.66,279.67,279.26,279.74,283.14,282.54,281.78,281.59,283.59,283.68,285.25,285.01,285.71,286.1,289.41,290,290.39,288.51,289.19,288.73,287.57,289.72,290.76,293.4,295,293.33,294.44,294.15,295.44,298.26,298.37,298.27,299.69,298.62,300.76,294.69,296.36,297.92,294.87,296.38,294.3,297.9,301.11,303.56,303.79,304.7,307.8,308.55,310.3,311.15,311.66,311.34,312.96,312.77,310.04,301.72,298.97,291.72,283,267.93,272.78,281,275.88,276.54,265.95,248.66,253.37,250.21,233.93,239.3,229.76,232.26,224.26,228,233.8,221.45,225.26,231.42,235.74,234.5,235.93,240.62,230.25,232.26,235,241.8,252.52,249.78,256.86,258.92,258.57,258.33,266.4,263.46,260.25,257.56,262.55,260.95,265.08,268.6,270.42,272.12,258.56,266.61,268.21,268.2,269.6,272.1,271.25,265.54,261.46,265.48,271.97,271.69,272,271.12,270.82,275,276.57,277.14,277.55,273.25,275.97,278.12,278.39,284.11,285.05,286.57,284.63,276.93,273.4,268.84,280.7,281,278.6,281.48,277.43,279.47,277.75,273.28,275.75,271.05,274.61,278.41,281.61,280.53,282.41,282.54,280.59,281.08,280.37,285.24,280.53,284.35,282.58,283.25,283.98,287.45,283.87,284.97,279.71,277.07,277.69,276.54,276.87,277.28,282.29,282.11,282.35,282.85,285.54,286.78,288.64,287.6,287.3,287.37,286.67,286.29,286.8,286.37,289.58,291.14,293.52,294.1,298.13,296.32,297.99,295.63,301.59,305.98,295.93,292.26,293.01,289.6,289.4,286.32,287.9,289.99,290.51,287.11,286.26,280.78,282.8,286.09,280.9,282.84,289.26,289.06,289.75,290.87,288.68,290.05,291.4,291.3,295.15,295.78,300.69,302.35,302.78,298.36,301.81,301.04,295.1,293.86,293.1,295,292.77,291.19,287.82,285.22,284.59,288.01,291.02,298.48,300.53,298.56,311.25,304.06,306.49,304.5,304.31,309.75,307.68,307.95,303.86,304.53,304.84,307.74,308.5,307.79,307.76,305.72,308.93,306.11,305.4,306.72,307.33,308.04,309.15,306.99,304.8,307.4,305.3,307.04,307.22,307,306.23,306.11,306.62,308.87,309.82,308.64,310.72,306.4,310.32,313.67,315.48,316.84,316.84,316.45,318.68,315.74,315.75,317,320.47,321.89,318.76,321.5,321.28,320.56,318.21,314.3,314.3,322.21,323.2,325.33,328.42,327.91,327.67,327.53,326.96,327.5,329.73,329.87,329.79,329.04,327.88,323.89,323.58,325.14,325.97,321.28,327.03,327.9,326.65,322.3,323.13,330.61,331.3,332.18,334.38,333.46,335.83,338.53,337.46,336.57,334.37,334.49,336.63,337.1,334.75,338.19,341.09,342.63,343.51,345.41,349.49,348.11,349.52,349.78,351.35,352.07,351.55,352.42,353.81,353.41,350.31,349.98,352.09,350.78,351.97,352.24,352.29,352.57,352.5,353.97,353.75,353.7,352.4,354.42,353.4,348.53,346.69,346.5,347.88,348.66,347.84,340.7,345.29,348.59,348.99,348.69,350.52,352.11,350.3,351.05,350.48,351.47,352.32,353.11,352.97,352.65,354.34,355.75,356.98,357.13,356.18,360.1,360.6,359.47,361.68,362.36,363.48,363.68,365.32,367.15,368.18,369.87,371.97,372.83,373.61,374.77,373.73,373.67,375,377.49,377.57,375.48,376.51,371.92,372.92,375.27,376.41,380.5,380.09,380.67,379.81,378.51,377.26,378.92,377.11,379.07,379.7,383.3,383.54,385.62,385.38,385.43,386.63,385,386.69,386.59,383.27,386.43,388.68,389.34,389.18,388.98,388.75,391.14,390.74,391.57,389.8,389.61,390.2,389.51,389.31,390.27,388.9,387.75,386.4,384,388,387.45,381.76,382.31,381.86,386.1,387.19,389.53,386.44,384.13,385.78,380.16,381.11,383.27,381.69,390.15,388.94,388.4,385.8,384.51,389.07,392.85,393.55,395.24,397.09,397.21,399.13,400,404,402.33,401.8,405.41,407.49,407.52,407.5,413.25,417.27,415,414.35,414.41,414.97,416.9,418.99,423.4,424.12,423.71,425.81,430.08,425.83,427.56,429.26,419.92,421.31,417.82,419,412.24,416.08,415.38,425.83,426.23,424.21,425.53,428.49,424.68,420.87,429.32,422.6,414.34,417.77,422.15,427.02,430.23,434.29,434.41,433.67,432.59,436,433.22,426.32,425.44,423.05,423.26,425.64,422.58,416.67,418.8,415.46,415.46,414.1,404.61,400,397.3,402.44,405.83,399.72,408,410.79,414.92,412,404.48,403.79,403.69,409.69,410.46,406,399.54,403.18,402.89,401.87,396.74,394.3,393.36,392.18,385.59,396.35,399.22,401.76,404.25,408.09,406.53,405.9,397.12,396.56,397.15,402.24,396.75,396.77,403.87,404.65,410.36,415.99,418.93,419.43,419.12,422.71,425.38,428.24,425.99,425.49,422.97,425.54,428.64,426.35,423.1,426.4,421.27,421.25,418.83,422.37,422.71,424.35,424.86,417.16,406.76,411.69,410.68,415.26,415.3,405.32,407.87,408.32,415.2,404.3,399.79,395.05,393.93,390.33,397.97,396,399.88,397.86,384.06,383.31,382.33,377.46,381.94,387.76,395.27,401.39,398.08,398.86,395.9,398.52,399.62,396.83,398.69,397.4,390.54,376.12,373.81,373.68,370.8,363.17,361.9,367.4,368.37,370.92,378.26,382.83,384.54,376.43,373.4,376.02,375.78,380.29,388.4,393.21,396.75,396,395.94,394,388.69,393.47,396.47,392.5,399.62,400.19,404.51,400.47,401.51,404,409.63,416.6,415.07,415.36,419.74,421.01,419.47,422.07,418.38,418.78,423.16,426.12,431.88,436.29,435.92,435.18,435.88,432.6,430.49,429.08,431.25,433.68,418.32,418.18,413,406.67,413.2,410,410.94,408.64,414.52,417,418.99,422,408.2,408.99,400.62,400.41,402.59,404.66,397.91,395,396.35,397.44,394.89,393.36,387.89,384.66,392.29,392.68,398,395.14,388.27,383.22,384.82,384.21,392.49,388.7,394.51,393.17,392,390.55,397.64,398.2,398.23,397.91,401.61,406.52,406.75,403.5,397.54,395.53,392.67,394.86,393.2,400,401.75,399.99,400.01,397.87,395.53,397.25,399.27,400.1,402.31,402.11,401.74,398.76,397.25,396.44,405.06,400.94,398.23,395.22,390.04,389.5,391,388.6,403.78,393.29,386.77,378.17,376.98,372.87,379,378.49,374.18,376.8,373.65,373.39,372.34,379.98,381.11,377.11,376.82,378.63,380.48,376.86,379.3,383.47,380.7,382.88,384.36,383.06,375.84,376.11,383.97,382.85,381.27,384.8,388.26,386.13,386,387.46,396.67,399.53,397.87,398.67,401.3,400.23,396.33,399.16,400.89,401,402.44,397.3,395.85,394.58,390.74,393.67,392.31,393.06,390.69,388.1,386.17,393.07,395.98,395,393.57,393.82,384.8,379.12,380.91,381.68,385.88,387.19,383.11,385.04,386.42,381.81,381.36,385.7,383.65,384.76,387.06,390.37,393.75,394.3,389.42,389.9,392.76,392.5,388.07,392.4,394.08,395.67,393.72,392.81,392.04,390.5,389.46,386.34,386.52,392.5,395,389.43,385.77,389.69,390.5,391.63,393.14,395.31,396,396.55,395.14,397,404.22,406.21,404.76,404.87,400.32,403.63,408.52,409.89,411.46,410,409.23,415.56,418.38,417.65,417.83,415.19,418.13,417.92,421.7,422.62,420.91,422.9,421.14,420.2,418.99,415.28,418.86,416.43,414.16,418.6,420.44,424.49,426.57,426.12,426.93,425.55,422.7,419.25,419.8,421.69,419.9,420.29,419.42,421.34,426.5,426.01,427.09,429.22,431.4,430.92,436.76,434.09,434.38,435.9,433.1,430.69,431.1,427.53,428.49,429.12,427.96,425.39,429.01,429,425.5,423.98,419.99,421.32,424.78,426.11,430.27,425.47,428.92,431.21,432.68,436.41,437.45,437.79,440.12,437.09,434.9,435.88,436.92,436.82,435.54,440.91,442.98,437,436.41,435.67,431.59,427.21,427.43,426.5,426.32,425.93,428.29,427.73,428.54,422.34,423.92,423.03,426.53,431.91,431.52,434.13,434.8,434.52,433.66,432.28,428.4,422.59,418.52,420.39,419.48,414.67,412.5,410.96,413.18,418.88,423.98,425.84,425.74,429.22,430.08,430.28,429.46,433.3,435.1,436.36,434.95,437.45,434.07,435.09,439.66,438.55,438.26,436.57,435.35,437.6,438.29,441.7,442.41,443.93,445.79,445.34,448.1,450.08,450.1,452.4,454.97,454.06,455.26,455.19,456.9,453.37,453.99,453.91,453.33,454.99,455.04,454.75,452.47,451.19,451.72,456.16,457.54,459.17,458.89,458.58,460.93,458.58,460.37,463.72,469.71,470.18,471.9,473.92,473.92,475.87,478.03,476.73,473.36,481.21,483.84,484.5,486.9,487.77,488.72,491.7,489.49,488.8,490.73,492.12,489.29,487.27,483.51,492.26,496.12,493.63,492.11,492.92,494.33,497,497.88,496.24,493.92,496.09,498,492.22,498.19,498.19,498.55,498.9,499.69,499.86,502.78,509.52,510.66,509.22,508.46,509.46,512.24,514.12,508.62,508.7,505.62,506.58,505.2,506.6,507.1,512.8,511.2,502.16,502.2,499,495.07,494.8,498.7,501,495.47,503.26,504.26,502.98,497.65,501.36,503.92,507.6,508.86,508.8,511.44,511.16,510.46,512.92,516.12,515.32,516.44,516,517.62,520.54,515.7,515.54,516,514.48,512.1,509.66,514.9,512.06,516.96,520,523.52,525.24,526.42,529.8,531.56,535.78,536.2,539.3,539.94,542.66,540.8,539.46,538.96,541.28,540.66,544.58,537.88,538.9,540.84,541.58,541.24,543.42,545.12,545.58,548.72,545.36,547.92,549.16,546.12,543.34,538.86,539.46,543.04,538.34,530.98,531.08,536.34,536,539.32,543.96,528.06,504.98,510.16,515.56,513.44,517.32,518.82,521.02,522.3,532.02,534.56,533,535.96,535.04,536.28,534.64,535.2,532.94,535.14,538.48,537.5,539.98,540.26,529.44,528.78,526.52,523.84,526.92,527.68,535,536.92,535.86,539.2,537,544.14,541.38,544.54,545.26,543.48,548.52,546,544.5,550.14,547.88,548.58,555.28,554,554.2,558.84,561,562.7,568.3,570.26,567.38,575.58,572.08,572.54,572.14,574.54,572.18,572.88,572.48,572.2,572.1,563.74,562.68,557.96,560,586.72,585.58,591.94,599.12,599.24,600.66,604.76,594.66,591.78,592.26,595.32,600.18,609,607.9,608.24,607.18,604.72,606.04,612.14,610.62,614.26,612.92,612.8,611.78,612.06,614.82,615.6,615.08,614.24,613.16,614.7,605.24,606.42,607.18,613.24,607.3,611,610.42,614.5,612.24,609.98,608.94,609.52,604.58,607.58,612.26,616.08,619.74,618.14,618.44,621,622.94,620.44,609.18,616.3,619.98,619.48,625.6,618.62,617.62,614.66,623.12,623.7,624.9,623.3,622.16,620.44,621.24,621.54,624.18,625.3,624.64,621.84,613.78,607.84,608.6,610.76,602.94,609.48,593.24,579.42,572.76,566.12,563.1,550.4,552,549.42,550.5,552.92,552.44,553.94,561.14,555.42,567.72,568.86,570.76,565,561.84,547.02,554.96,554.5,535,519.4,509.86,513.9,486.89,525.94,499.78,514.24,513.62,505.92,500.28,483.02],"l":[209.6,210,211.7,215.2,217.8,218.13,216.94,219.18,219.27,220.84,223.78,223.19,226.52,228.77,227.72,225.72,226.68,228.57,224.93,225.26,226.06,228.22,230.25,231.05,233.05,234.25,231.87,231.99,234.08,236.48,237.76,236.81,237.24,240,239.78,239.56,239.36,239.88,241.67,240.4,239.28,239.41,240.63,242,241,240.63,239.5,237.75,239.65,242.31,242.61,243.46,243.47,244.2,245.3,243.39,242.16,243.99,241.78,243.53,243.26,244.7,244.21,249.09,250.88,250.82,250.99,251.8,251.04,250.49,251,251.33,251.57,251.89,252.78,252.32,251.56,253.73,256.75,256.78,257.09,258.74,256.57,255.83,257.19,253.82,253.42,251.8,247.97,247.25,245.8,246.44,246.73,249.44,251.11,249.78,251.17,250.9,248.5,247.82,248.67,248.3,245.5,246.31,242.78,240.85,240.07,245,246.4,247.79,251.71,250.1,250.9,252,253.2,253.12,256.27,257,256.54,255.16,253.77,252.98,252.51,253.61,258.04,258.05,259.98,261.68,261.28,261.41,260.5,261,262.37,262.95,263.62,264.17,262.96,261.07,263.05,261.81,263.65,265.29,265,266.63,267.34,265.86,266.64,266.03,259.13,252.3,249.68,248.24,253.71,255.63,254.38,252.65,253.28,249.86,254.7,259.05,259.26,259.39,259.44,255.19,253.45,255.44,254.55,257.12,262,262.35,260.62,262.08,264.49,266.16,266.67,265,266.75,267.98,268.64,267.11,268.34,268.06,268.06,269.02,268.8,268.88,265.97,268.36,269.01,268.75,268,260.53,261.39,264.65,261.74,261.39,261.56,265.55,265.24,267.36,267.68,266.89,265.76,265.53,267.11,266.11,267.33,267.86,270.3,270.9,270,268.97,270.04,272.63,274.32,274.45,276.31,276.6,276.5,277.6,277.02,278.13,278.87,278.94,278.87,278.5,277.56,278.82,280.62,281.94,283.6,283.34,283.43,278.43,275.02,276.37,277.8,279.22,281.75,279.45,280.68,279.78,281.26,283.61,283.96,284.69,285.02,286.39,288.83,288.19,287.2,287.01,286.43,285.3,288.1,288.09,292.3,293.09,292.25,292.56,292.47,294.2,296.65,297.69,296.5,298.42,296.84,298.84,291.98,293,295.85,292.5,290.69,290.7,294.56,299.61,301.79,301.84,301.89,306.22,306.87,306.55,309.45,311,309.01,311.1,309.28,305.65,297.09,290.91,282.76,272.4,259.46,260.56,270.21,270.65,270.28,255.68,233.84,239.52,243.48,220.35,224.1,211.74,213.67,212.51,214,219.35,203.44,213.46,221.43,220.4,228.3,226.07,235.56,226.5,224.1,230.1,238.14,246.39,242.7,249.1,255,253,253.73,259.87,259.3,251.22,253.78,257.93,258.08,262.69,264,265.92,265.87,255.32,261.86,264.39,265.34,267.69,267.79,268.63,261.5,256.4,259.89,267.15,268.2,268.17,268.79,266.83,272.73,273.92,270.46,275.31,270.62,273.24,275.76,275,276.01,282.35,281.9,280.79,271.15,267.81,262.2,273.52,277.91,275.58,279.04,274.83,277.05,271.53,269.33,269.9,267,271.85,275.32,277.5,278,280.21,279.87,277.92,276.5,277.9,282.89,275.8,281.57,280.79,281.15,280.22,285,281.28,282.66,276.85,274.74,275.25,275.11,272.64,273.69,278,279.29,280.23,280.24,282.66,284.57,286.59,285.92,285.7,285.16,285.5,283.84,285.12,284.54,286.61,290,290.96,292.71,294.09,294.22,293.78,293,298.9,293.84,285.59,288.79,285,285.08,286.52,283.44,285.21,286.63,289.14,283.56,282.68,276.81,280,283.76,277.57,278.39,286.95,286.06,284.18,288.59,284.64,288,289.65,288.8,292.91,294.48,296.46,300.51,300.12,296,299,296,289.73,291.16,290.08,293.34,288.36,288.41,281.64,280.5,279.5,283.58,286.83,288.86,297.23,294.47,300.82,299.58,302.95,303,302.43,306.54,304.7,305.14,302.19,302.67,302.15,305.49,306.2,307,306.73,302.62,306.93,304.29,304.05,304.49,306.15,305.3,308.2,303.5,302.09,305.4,303.65,304.91,305.7,304.8,299.5,304.24,305.52,307.08,307.38,307.19,303.51,303.29,302.75,309,313.82,314.7,315.15,313.82,316.56,313.26,314.4,314.75,315.94,319.69,316.73,316.34,319.49,315.39,309.71,310.56,311.1,317.24,320.9,322.12,325.64,326.87,325.99,323.7,325.91,325.36,328.54,328.19,327.59,325.25,325.77,322.43,317.43,321.78,321.32,316.39,322.84,324.75,322,318.47,317,323.75,327.49,329.09,331.7,331.8,333.24,336.1,334.64,334.16,331.25,332,333.76,334.72,330.77,336.32,339.08,340.56,340.8,343.6,348.08,346.46,347.25,348.87,349.95,349.74,350.3,350.01,352.07,350,346.87,347.83,349.95,347.13,349.35,349.92,350.79,350.29,350.6,352,348.27,351.45,348.6,351.82,351.68,342.78,343.8,338.95,345.2,346.21,344.9,336.9,340.29,345.21,347.19,347,347.72,350.33,348,348,348.45,347.03,350.68,350.89,350.57,351.42,351.1,352.81,354.47,354.96,355,356.34,357.21,355.45,359.67,360.34,361.5,362.21,363.8,365.04,365.32,367.55,370.69,371.43,370.9,372.93,367.38,370.83,371.97,374.9,375.5,374.25,373.61,364.44,367.79,373.2,374,377.85,378,376.44,378.07,376.8,373.96,376.71,374.3,376.32,377.94,380.16,382.21,383.6,384.15,384.37,384.6,382.81,384.66,385.01,378.63,380.92,385.87,387.83,388.2,386.79,387,388.69,388.35,388.6,388.65,386.89,389.08,387.63,386.79,386.03,385.1,383.75,383,382.08,384.48,384.5,377.78,377.46,378.9,382.66,383.98,386.2,379.77,381.26,382.13,375.27,375.3,377.47,377.86,385.88,386.78,384.56,381.35,381.35,384.45,390.06,390.19,392.69,395.13,395.5,397,397.27,401.75,400.61,399.15,398.81,404.32,404.72,406.6,410.74,412.47,413.14,410.65,411,413.36,414.11,417.07,419.18,422,419.77,423.23,425.54,421,423.92,427.5,413.59,417.8,412.17,414.13,405.35,408.32,409.31,418.08,420.69,421.85,421.5,422.18,417.64,418.23,423.58,415.39,409.5,414.47,418.37,423.31,425.72,431.5,429.34,431.93,429.32,431.95,430.67,421.68,419.8,413.28,417.8,420.81,419.66,412,416.12,412.13,409.43,407.96,397.79,386.1,388.63,395.79,392.75,392.37,402.79,406.85,411.1,404,397.03,400,399.9,405.38,405.45,401.18,394.29,397.8,398.78,396.61,392,388.37,385.6,386.42,375.37,387.22,393.5,396,395.8,402.59,400.67,399.28,390.92,392.33,389.36,395.98,390.39,385.1,400.18,401.22,405.29,412,414.71,417,416.26,418.66,422.75,422.59,422.36,422.5,419.82,420.85,426,418.57,418.5,422.54,416.7,413.64,415.54,416.94,415.09,420.42,420.22,411.29,402.45,404.88,403.34,408.99,408.84,399.85,402.58,402.8,404.49,394,389.64,386.14,385.31,382.01,390,392.4,392.87,387.94,376.77,375.42,376.32,370.52,377.08,381.22,386.7,397.15,393.24,393.4,390.72,392.48,395.33,392.39,394.84,391.16,380.86,369.3,367.87,366.76,357.74,357.17,359.18,362.1,360.58,363.97,371.94,377.42,377.84,371.65,368.63,367.82,373.52,374.8,382.44,387.27,392.03,392.05,391.63,384.57,383,387,391.63,384.87,394.84,394.9,399.4,396.61,397.23,399.33,403.14,411.23,410.92,409.84,413.32,416.46,415.41,418.56,413.6,414.25,419.46,420.47,427.71,432.13,431.2,431.09,433.05,428.42,425.27,424.78,428.19,422.2,413.33,408.62,406.82,402.31,407.85,406.79,404.98,405.34,407.5,410.47,412.17,409.65,404.67,402.7,395.49,395.61,396.97,399.56,393.5,390.69,390.01,393,388.85,383.31,382,376,387.24,389.5,391.3,386.54,383.3,379.49,380.17,372.9,382.9,382.08,387.72,389.5,387.07,384.3,391.14,394.65,393.66,392.8,390.73,402.55,401.29,399.86,391.73,387.09,389,391.68,389.56,387.28,395.31,396.9,394.26,393.13,390.5,392.66,396.95,396.43,399.78,399.95,399.8,393.37,393.62,392.98,399.25,395.7,394.85,387.82,384.3,386.75,386.45,385.17,390.91,389.39,377.59,373.76,373.04,368.69,372.81,371,370.2,371.2,370.31,368.4,370.56,374.97,373.63,372.99,373.24,374.5,377.15,373.6,377.3,378.47,377.34,380.59,380.16,379.01,372.63,372.15,376.36,380.5,375.17,382,384.6,382.64,382.08,384.24,388.79,392.4,394.05,396.87,397.62,397.27,392.46,395.91,396.41,397.64,397.57,393.8,394.34,389.89,388.1,389.93,387.45,390.4,387.48,383,382.6,388.38,393.77,392.5,391.3,390.82,377.12,369.23,374,374.93,378.34,380.76,377.44,382.81,384.4,376.86,377.68,382.8,379.61,382.6,384.53,386.17,391.14,388.15,387.6,387.5,390.5,387.72,384.99,388.46,391.57,392.5,391.6,390.38,389.8,388.54,387.13,381.5,382.83,389.02,387.23,386.83,381.49,383.48,388.87,390.06,389.7,391.48,393.5,392.91,393.87,394.18,399.35,402.82,401.88,402.69,396.99,400.59,401.17,409.06,407.8,406.08,404.72,408.86,415.52,414.71,415.67,412.2,413.77,415.94,418.39,419.76,416.61,420.44,419.41,417.3,414.63,411.62,415.21,414.3,411.92,415.12,417.65,421.76,424.01,425.25,423.61,420.4,419.44,416.55,417.16,419.72,418.45,417.9,416.95,417.8,422.7,423.36,425.06,424.5,428.5,428.79,429.74,431.65,432.42,434.2,429.89,427.48,426.3,425.87,425.32,424.5,423.9,422.74,425.25,423.86,423.7,421.79,416.85,418.5,420.54,423.25,424.71,422.1,425.5,427.58,429,432.74,434.29,436.63,436.52,434.63,432.7,433.19,434.4,434.87,433.21,435.34,436.87,435.01,432.16,433.85,426.7,424.83,423.15,423,423.89,422.8,425.1,424.28,422.2,419.47,419.87,419.5,423.56,428,428.93,431.91,430.69,429.57,429.94,430.17,425.12,417.9,413.63,414.29,415.61,411.95,408.83,407.19,409.2,413.86,418.96,423.38,424.46,425.72,427.34,426.89,425.43,430.61,430.5,433.8,432.42,433,432.19,433.25,435.36,437,435.5,434.8,433.05,434.54,435.78,438.62,440.51,440.28,443.74,441.92,444.43,447.3,448.34,450.97,449.56,450.97,453.09,453.67,454.78,450.8,451.19,449.48,450.9,453.06,453,452.46,450.44,448.94,449.04,453.48,455.48,454.37,456,457.3,456.99,456.78,456.78,461.79,466.98,466.63,469.39,469.1,471.67,473.41,475.73,471.43,469.86,474.39,481.23,482.19,482.54,485.96,486.87,488.5,484.62,486.1,487.76,488.42,487.35,482.2,481.82,486.67,493.17,491.9,489.91,490.8,489.55,494.12,496.32,491.36,491.8,490.65,494.4,490.02,492.41,496.12,495.37,493.5,494.93,496.69,500.98,504.72,508.24,506.24,506.4,506.82,510.72,506.12,506.44,506.54,500.3,504.1,500.1,500.72,503.54,508.6,507.18,498.56,497.24,495.2,492.04,491.48,493.71,497.83,490.9,497.78,501.4,500.08,493.95,497.25,501.88,506.08,505.9,506.86,509.84,509.1,507.8,509.58,514.46,512.8,514.16,514.3,516.1,515.78,512.84,514.06,513.82,511.6,509.5,505.58,510,508.82,513.12,518,517.7,522.46,523.8,526.82,529.1,531.82,533.56,536.84,538.52,539.94,538.38,536.24,535.52,538.64,538.74,540.96,534.76,535.78,537.9,539.78,539.08,541.46,543.7,543.98,543,540.7,544.74,544.58,540.26,537.76,534.56,535.02,538.02,530.84,525.2,527.5,531.3,530.56,534.32,535.84,512.56,489.53,502,507.8,499.72,512.4,514.5,516.86,517.98,522.72,529.9,530.2,531.66,531.5,531.9,528.78,530.88,529.72,530.5,531,534.56,537.34,532,525.6,522.16,515.8,519.6,522.7,519.34,530.3,533.72,532.64,535.62,534.82,538.7,538.5,541,540.5,540.3,542.58,543.5,540.16,543,543.04,544.54,546.4,551.5,548.1,553.42,557.9,557.7,562.82,566.12,564.4,570.3,569.72,569.5,569.4,570.02,568.78,568.42,569.9,569.5,568.04,557.86,556.4,554.52,555.32,579.58,582.48,585.24,595.22,596.96,593.98,597.88,590.18,587.98,584.28,589.76,592.32,600.84,603.46,602.82,600.8,603.02,602.64,606.58,607.96,609.8,609.18,606.74,606,608.06,609,611.5,609.66,610.08,609.28,610.64,599.26,591.64,602.62,605,600.14,604.82,605.4,608.4,606.76,605.64,606.48,601.44,599.02,600.2,601.18,611.92,612.96,612.66,613.76,616.4,618.82,616.76,597.62,609.74,615.28,613.36,621.42,612.92,613.34,611.06,620.54,619,621.3,620.7,616.08,615.28,617.74,619.88,620.42,621.96,617.34,616.8,607,597.84,603.9,603.28,596.5,599.86,578.72,566.82,563.58,556.5,552.32,540.06,540.2,541.22,542.28,546.94,544.4,547.1,552,549.96,560.54,566.2,564.2,558.96,548.58,539.88,546.82,547.22,518.3,496.11,465,497.21,467.75,498.35,485.33,504.6,504.92,496.41,491.77,480.8],"v":[7790039.5,10097357,9651021,9151270,5691266.5,6513753,6249144.5,3502231.75,9071507,6626303.5,4294350,2709189.5,8261442.5,6311300,4146178.75,2606538.75,4463063.5,3579377,5790600.5,3632436.75,4387309,6622856,7277382,5429036.5,4163530.75,2946180,3406892,2451350.5,2449291.25,4937427,5140806.5,3930523.25,3588359.25,1795262.75,3268949.25,2899571.5,6900670,3600607.25,5516188.5,8285273.5,3436332.75,3560281.5,7778087,11456020,5849152,1960515.5,3979836.25,10283422,1666575.5,2593364,3639684.25,4810482,5915343,2841681,6167409.5,11185735,8710406,25950182,14518056,11332883,6498294.5,5568013.5,17929140,5560969,4963907,11689932,2638279.25,5292181,8272111,3033974.5,10164634,9002316,4952310.5,4615996.5,5797142.5,5718074.5,3266952.75,3574528.75,5278036,3525206.75,8563130,3810995,8919085,23009388,3872709.25,11697157,18591362,22828288,12015782,11042802,15940420,10723024,11502983,11472900,12063512,19321734,8170340,11484068,16820676,4225726,18812410,8705865,9139978,1815502.5,9068137,15447081,6857998,8922870,9203568,6465528.5,6636915.5,8183595,5078807.5,4080640.5,3075590.5,6643090,4941446.5,6408796,5815919.5,7715873.5,5368566.5,1971975.63,6639883.5,3910467.75,8598244,3922003.25,5656084,2966004.25,9958675,3295555.75,2496845.5,4437218.5,4644512,2150666.25,7216836,6938109.5,2576550,2501509,8030269.5,5586860.5,4676508.5,2901338.75,9412739,4553933,3062000.75,9028069,4707611,11132175,17919370,18825180,18743962,14965264,10956000,9113271,12599721,8543491,17989510,13561211,7697750,6249318,6636513,8154019.5,10114645,19850200,10029377,6248708.5,13503238,6211780,11436758,4517331,8355722,4146396.5,12160963,4291399.5,4727515,5379403,9428155,9653742,8375457,8971206,4789254.5,2312165,9496304,5882256.5,3967651.25,2860206.25,8511226,7314176.5,7693132,3284733.25,7881518.5,11516740,12787450,7675496,13078233,18477854,10042285,6441768,6554839,3402015.25,8567727,4056699,1906616,3424677.25,2210836.25,3279398,2666198,1970109.88,4634252.5,5687901,3193722.25,9052099,2695693.75,4717946.5,27074264,22114632,11461214,13862078,30711538,67388440,7208480.5,1734864.38,3700295.5,15393314,12964911,4215122.5,13655930,5205290.5,3695766,6952332.5,3200990.75,5883588.5,2696934.75,6533699,9204168,4983366,4049733.25,4311212.5,4588220,4000291.25,3445496.25,7855213.5,8016461,4954661,7327884,3117845.25,4246364.5,3363930,2826420.5,4791468,7688458,7466488.5,4702382,4221791,11559088,5984469,8028240,4579445.5,4310948.5,3712018.25,4928865,7081541.5,5146503.5,35657376,44439512,5836204.5,5284084.5,2909827.75,8755614,36326728,7940346.5,7667369,8162066,6222579,6074364.5,27191674,19600284,19848850,5572768,5163305.5,16281784,3962811,13183144,4724751,19663326,5531752.5,7866621.5,10734789,19861822.02,14512598.71,39209436.95,18357968.96,35513893.2,26495439.6,47970701.81,18274165.73,37089193.66,22369193.03,25551696.93,18806468.46,17690796.3,29337174.58,26936345.25,12828012.87,51714874.02,7967784.74,20054445.59,9298086.74,15650452.65,17293206.52,18280553.37,14401797.95,17606527.22,6002367.43,16841412.76,30861062.66,5808485.88,8393556.56,12481140.53,29926596.29,8505781.57,11787098.83,11739829.96,12070255.42,9129024.36,17070228.53,12659952.22,12520887.44,6421006.93,4217834.32,6329920.33,7912610.95,8305106.57,9748644.72,8701270.69,16802882.12,15194162.93,4528320.59,14882919.66,3632920.31,7561377.74,100637559.47,15370214.64,9736859.83,7264909.37,13043652.38,7113460.67,16602663.42,4953309.57,5557515.89,5549875,8256958.6,13955910.08,10454674.03,11381510.42,20810423.35,10080886.99,8036247.03,12050499.1,30514349.04,6190499.76,7753210.35,11499301.02,17465435.72,13539868.07,32417201.47,18918433.76,6743379.94,5855666.01,7330895.95,16692455.31,13145717.35,20933827.43,18634156.82,8265840.17,7600177.71,11028800.92,5717751.12,4839338.58,6383642.12,16492172.82,6186186.48,5033989.77,15143175.94,4761895.77,10539378.79,8720680.98,5318291.97,2452185.07,5320222.45,14345233.53,6248499.25,4219390.24,4534810.75,4325277.2,3763816.73,3584040.18,5994194.98,3293778.54,11675202.77,5202180.89,6415926.01,3082994.11,4297258.96,4383561.35,5756465.66,7763461.19,3409429.52,4282778.8,4090741.81,4477107.03,1998508.28,2946961.71,5431524.16,3225425.65,2912193.2,4149654.33,5342163.05,2577496.72,5102695.95,5100355.27,5515192.13,6999568.35,9918291.33,8301383.13,21233812.06,15912807.04,5507169.4,6475966.46,5409565.69,6094743.57,5551084.45,7267949.26,15347702.4,8751746.67,5279880.22,5043226.92,7525377.62,5849843.98,4465421.05,3319807.59,8816304.41,11803286.41,8602473.93,7443302.4,8562332.1,4597339.6,4985146.34,5817665.94,11637416.58,6003534.95,13681304.35,7118186.3,5055698.14,7394996.89,20213328.48,7409044.72,3681303.43,5345480.5,8048154.43,6819660.09,12448468.66,12313616.15,12103861.1,11767179.9,9595941.41,15016059.32,14543590.49,12861234.08,15338624.68,14689069.61,7193148.23,8482064.21,7774643.98,12609814.88,8812909.09,10502105.27,6549302.56,6289646.36,7050112.11,9307587.03,7032702.35,3709537.29,6138279,7105872.38,11138777.55,5987722.05,5639883.34,5423934.74,10601794.65,7811454.12,10634309.65,6697636.22,6613007.02,6424599.75,9186031.85,6813420.1,5311194.21,4683532.34,10540589.5,5095783.81,3373464.61,4156317.47,4704551.76,3880099.81,11625639.87,11398958.25,4855040.03,9421901.34,6504242.68,5892286.81,6101130.44,8737618.44,5618644.66,7673762.26,3771197.59,5434198.75,7806316.08,4267133.91,6147547.14,7669654.16,9612416.57,7093227.8,7795219.33,8341741.58,11420952.71,12967680.08,13833552.55,11142808.15,9216976.16,13701085.93,7477216.22,11866165.46,3910681.9,4395319.61,6209485.8,8598283.06,8595440.39,11954277.45,5386483.24,9738464.97,14824430.92,9229552.86,7156914.47,14800727.16,14438677.37,9265298.56,10770000.63,10506866.74,18227025.64,10801976.15,11923011.84,14129390.85,7026431.1,4928014.78,7404568.59,8405192.86,4561429.21,8240207.43,11574009.76,10687835.23,5824753.84,7015237.77,10010896.03,5733512.7,8969871.27,10500623.05,7072695.75,10636527.74,15378678.25,12335425.29,8854457.45,8066670.14,10057922.32,9881864.3,6537660.37,8246474.37,8004643.34,8127470.49,11544615.6,7078918.75,7286435.3,6218374.87,6614217.56,8407100.4,6400327.67,7234344.35,9499222.31,10785141.12,10376476.05,8948735.04,7547219.23,8012669.94,9276194.06,13178550.3,13092689.39,7672377.96,6125935.9,8205736.97,6937501.74,15061016.85,11284326.93,12515085.03,11544993.47,4836035.41,9900226.23,4247838.12,7844253.13,13307805.69,5881053.98,6994021.16,8322580.41,9425844.49,8547190.79,4944998.59,4116225.29,5753631.42,7364740.66,8220217.43,7095763.44,9025168.75,7790707.55,25169052.18,10976877.05,8928614.45,8641780.39,3797921.16,7195001.15,6133379.42,10312963.33,14743594.23,7463035.11,11733845.85,8376466.35,15748586.97,11195100.81,6582292.18,6895722.12,6757004.47,5404675.06,6748028.79,6070677.12,14071895.79,233601264.71,242669417.33,6424557.03,5525401.27,4868419.72,6522234.52,4408166.95,5734764.38,8240175.79,9969698.29,6122211.21,6373285.83,8461841,5311756.67,6602724.85,13052573.57,10182897.1,5607548.16,4911230.16,7691378.8,5921359.22,4413042.75,9754235.57,8568516.75,8121679,6836368.42,5488496.19,6211305.89,7982229.01,8252431.95,7251071.1,12851731.78,9127170.61,10651167.2,8091402.93,9574970.16,8823737.91,6140855.78,8720136.11,7719643.11,8420346.21,8261836.09,4847652.46,5642673.8,18157494.78,12830848.93,7667085.6,9310837.5,5996261.07,16058292.81,9971669.12,8620339.79,10111004.04,13560837.07,13533253,10658553.6,12881369.65,9029136.16,7536956.45,10051322.42,12442864.15,9840712.79,7375513.4,10399609.82,12985059.35,12880113.2,7749465.65,6860415.67,8626416.55,10780050.32,9691734.56,9036368.36,8025524.02,11308094.06,12249695.94,10313988.81,6848577.97,436216319.22,12580050.77,12850120.88,11354252.21,9250863.73,6958912.49,10238207.69,11120052.14,10526080.3,9431410.66,549978956.07,10815227.11,14434459,25201415.18,22921165.8,7384870.09,23486427.17,20658171.1,20973903.46,17622762.6,16907254.48,24076949.01,17621638.23,22358394.23,17512784.69,30337299.76,11878956.09,10032764.79,15891045.47,8001452.64,12363537.08,14890440.37,14232553.27,13469005.26,7830213.83,10564470.9,8325681.99,14719146.58,11050985.27,6078685.77,21026472.56,21423177.6,13584329.04,15356716.73,11212089.04,17131303.01,23848581.9,16995176.66,10418020.99,13265156.3,11532012.76,110517683.67,18058587.33,13698611.55,36094513.64,51328567.97,23989267.55,22994469.62,22741547.82,13323160.01,18574456.44,24457120.09,19643284.4,8816777.78,10907052.76,12155390.65,12870933.83,14225409.54,12457092.12,19505796.09,23376810.61,17939709.02,6838306.09,10445201.78,12113988.14,13353609.56,15313967.18,12536764.32,36276461.26,24810826.79,14963598.49,27224096.28,9841958.77,12092316.5,9703396.35,21419974.84,16680545.58,20072478.46,15063374.7,12849899.59,14219405.82,16876284.32,18404679.13,16476980.21,10503765.64,12870797.65,19920623.78,12519064.09,11928657.88,12729669.08,29789672.39,18259237.11,9279514.24,13198991.81,18970790.58,14701320.6,20085479.54,25814759.42,10727546.64,10228920.69,15637068.12,13718480.59,18660121.39,6959397.34,18379054.58,11780412.87,19202254.84,17300917.83,19421621.29,32182545.26,19846189.14,9750121.38,18865598.78,21725252.54,12481904.13,10869011.26,15207058.34,19075121.03,15075570.66,20259580.42,16055847.19,32586265.34,7748095.31,11110571.83,11790214.57,8413010.2,26546984.52,8882423.93,9559475.93,21545093.24,10929137.06,5643010.97,23668730.51,12378473.17,11826359.65,15430106.07,9144176.26,7552511.84,4855260.05,13001177.81,6537270.38,6549506.44,20289670.69,21661419.87,14218171.07,24902035.91,22590281.15,32557800.23,7352597.25,26346201.66,21271777.35,10652218.05,12166163.35,9625614.31,9832074.77,10422936.22,10418372.63,10473512.61,3692872.7,15587105.93,11549344.36,13192951.08,15782721.54,12177223.71,5329061.79,11009512.51,13918887.54,14491339,11738056.55,25190588.46,12791490.22,8728917.54,9692625.16,9666502.57,7281340.81,3990749.62,12673188.99,19273429.33,41165431.27,28400557.1,15306531.27,12055530.08,18266067,12759864.77,17800963.19,12724341.82,10942896.61,7184615.66,10725870.32,10286089.65,8359025.59,8483804.27,9780596.7,12840523.84,12942578.24,9606536.41,7167819.3,9722492.72,16661736.56,10238763.66,12317372.18,16919637.97,14095437.88,11594092.68,10722443.88,12297143.42,9547463.3,10074916.87,10496634.42,13506360.37,10384549.86,11159154.61,9085843.11,6502660.6,14805968.32,6428492.96,10730953.31,14088923.54,14128881.29,20286639.41,18231096.51,18224990.98,14664763.69,38344186.59,32738301.06,14075680.44,12884164.58,27489637.77,13984587.49,12152196.58,11293566.88,19450534.8,41749391.19,14870112.36,19899037.13,11870054.03,11605484.47,15148334.6,14805094.21,9323023.41,14945284.37,8732701.22,11595826.58,16717502.63,18590857.71,28400974.3,26310991.23,13533123.5,17200086.51,19329663.96,20746080.59,21893932.44,33237808.38,10544834.91,15019339.67,13063502.68,7727263.05,6571510.03,7152318.97,10652712.41,6506216.35,6254713.23,7609710.84,9383793.59,7064957.13,10943169.75,14844201.37,9129013.94,16791120.7,11171675.06,12480357.01,12827513.54,10157259.47,8658204.05,12755121.58,6210073.59,23465431.68,14571684.21,13215784.52,11881313.27,6261457.52,5991812.84,9083072.5,5555321.05,10259722.21,8921044.42,5465723.88,8448051.79,11993956.57,8762269.05,12203541.34,11862842.84,13442951.57,10533703.76,18234824.08,13499099.62,8608349.1,10769768.53,9195279.22,11391373,7357718.13,9556966.92,10066479.23,6875000.97,10469938.19,15055023.7,6833230.69,15061480.97,17207826.59,13064182.02,19913115.56,22098715.11,17953578.81,11458194.75,8461263.24,6400260.62,7878468.53,5644744.79,11009446.05,6805865.69,7022176.42,7352806.66,3985206.85,8446210.22,8043452.76,7405719.83,7806297.77,10103486.69,9856222.77,16562757.27,4949161.82,6848573.03,14577256.72,6979632.44,9733908.24,6752939.45,24793751.19,27902871.26,18982724.72,19058747.1,10704581.23,7572919.81,13448877.44,19176365.68,4772907.32,15070391.8,8237716.11,10969471.47,7924625.87,5645198.18,11227633.48,5757032.96,34602256.61,6179297.17,9597396.66,5598188.46,5061361.74,7039349.92,26392601.18,8458544.35,7347359.45,10503762.82,10959344.39,8438976.28,4082508.97,6911085.64,15310931.49,6427778.29,10179250.43,9199453.87,13622087.81,7493335.25,9020394.42,11755739.86,8071882.91,3580978.28,11885170.66,7443332.78,5922966.82,9295869.09,6290665.17,6912190.13,4228958.59,13827468.69,6166342.42,7547898.55,6933185.64,8316590.42,8146731.54,4491520.73,9056235.02,9434156.31,12544266.83,10047798.99,63174525.93,8266130.04,7021679.17,7165924.77,9149910.52,7768713.2,12130088.88,11455522.02,12315286.28,14007387.36,4918718.06,9820566.95,7794072.72,12917060.03,10822817.04,5646453.69,10643019.35,7206213.82,13681273.68,13599196.77,13239232.3,7282246.29,9739532.45,7236558.15,6252030.23,5717978.96,4758525.5,7088874.14,4938748.83,8332635.44,6724641.24,8238832.02,11166793.19,5501335.81,4266917.2,8474198.45,7193822.55,6251163.46,11681605.59,10536240.79,9214775.36,17986137.06,10673379.27,12463786.26,12575751.6,16786253.83,10250839.92,7117008.03,7193457.22,9864953.47,11798366.29,13022918.63,7163496.44,7522951.29,26483152.61,7682848.66,9136479.35,10855083.75,6872256.13,11507262.77,6340501.68,8529759.98,7096879.99,7717973.1,13396501.87,7432127.46,10952645.59,7739825.13,7525422.39,10284819.75,7802805.36,8905001.58,9608046.97,5357035.92,9616494.74,8994054.7,8338661.23,4912064.84,14335769.31,9384092.37,16341655.61,14062276.31,9705182.1,14139378.89,7941768.7,16631345.4,10585911.09,12970937.54,12755013.99,14408738.88,14904945.26,14823765.85,12642798.35,8467378.01,9440031.11,12783998.9,7876966,5200294.8,8141021.29,9600279.63,18528437.99,9401620.98,8134041.67,11511907.41,12131025.34,10706147.79,14476933.59,9665879.58,16366416.09,8502865.03,9958374.56,9101108.99,8835201.16,6811412.81,10560093.27,10104038.35,11558655.38,13107161.4,7931184.17,9042844.42,7571161.73,7047900.04,9706240.96,4991432,11221313.31,7199889.26,8867338.51,13559524.19,10907119.46,21907662.46,12660757.68,12545997.66,12718909.32,8369411.42,11502227.11,14874375.27,11508004.66,10104712.62,21466017.91,20844577.36,11849715.83,12982236.32,10789192.96,13653094.54,8051887.08,9067284.17,9554517.26,7842930.47,29828229.97,17974593.96,9364503.31,28916130.53,21648298.87,15096665.53,16531692.64,12565536.11,12547388.61,17930311.99,8762202.89,17540831.28,10216478.17,9943992.45,18147513.92,14065119.9,14068841.45,10840892.74,10560343.74,12068919.3,13895012.8,13186397,19331298.6,20794028.52,15759606.57,11227746.65,10267558.83,9159868.39,10841172.09,24706455.41,11159064.23,12263881.82,10860935.12,10036893.07,8242224.92,8148770.36,10579554.33,11994707.67,11535706.14,10523701.1,10893512.74,11155987.19,11715957.95,19995464.96,13522840.39,14933767.9,13769381.17,10448095.02,12229080.73,14039989.37,9588628.47,6909992.81,8289507.36,11082621.24,10930798.17,9410253.67,6568460.28,12071498.74,9328709.06,13531505.72,17911520.6,18335277.26,9770228.98,22495470.08,10435370.04,12229103.72,20643075.52,12729213.36,11861502.48,15895782.38,12204458.98,15848838.24,14298821.18,17956511.24,10646339.56,12291313.86,21427533.56,14852330.7,15054127.99,44310275.42,9789826.93,10880047.14,11259938.12,15175502.36,21229171.38,10560030.22,15200567.06,12369447.26,12737634.2,5441884.06,9293247.64,9140435.64,10322373.24,11865442.18,9901393.64,10160318.18,5661814.16,14347463.86,10013523.04,20450917,10926652.9,8976878.72,7340341.54,8786811.14,7857434.16,10359227.96,19497896.86,10580274.78,13330753.32,9131829,11191058.08,13827411.42,10983514.04,13426243.94,20353822.2,18835867,17101172.72,19556913.82,11080402.76,12138911.98,10202198.42,11782067.8,12826270.92,8612528.28,10528388.52,11619764.92,28195052.1,9085994.8,10958220.4,9020543.88,15466099.8,15473737.04,12524727.64,14104081.5,21010154.48,13306761.78,15318881.14,16133156.82,17385531.38,16434083.1,15538491.72,14697558.56,13157695.96,12896365.82,17610797.16,12620974.78,11243846.12,12923534.34,12635846.86,21864130.74,28759652.48,71446919.98,37889568.24,59901045.26,20813058.48,20241258.58,17718397.82,29119729.3,19454635.08,20861877.56,51032885.64,11484063.22,13378915.26,12804724.1,7962770.38,10407203.92,8877811.06,6344566.44,9508090.88,7819624.66,11978066.82,15287901.86,11226844.58,14076589.38,14913891.94,14840165.8,19805283.14,9015662.62,11387226.34,12934041.98,7620373.9,23597925.66,10469904.08,8588864.64,17123892.88,12841924.88,11254779.46,14281653.02,10991569.64,12905332.28,11541518.66,16149376.28,37139015.88,13109789.76,13684800.38,18961174.86,25982228.68,18576768.64,17956459.46,15976094.4,17492186.1,14824443.86,25942556,16714516.82,19947153.14,16737641.48,16823671.34,12994971.54,17761794.2,12495720.34,18838744.94,16675715.02,12547731.56,12805798.38,42665556.28,28270928.08,27844261.86,28560134.7,58520018.72,31352553.66,20536702.92,41894741.44,27113187.36,164559119,104332025.34,26446219.4,156439946.22,28819577.82,130570066.36,20469659.52,27474529.48,30190107.14,95024275.9,21717550.4,97060088.26,42531280.34,111465708.34,45112217.16,172171363.32,69672578.94,120450345.04,69566145.22,27092650.93,26704323.74,20403953.34,19291047.38,32382887.74,21154063.16,19924359.84,56398767.28,51050833.04,29171509.92,33773245.54,25659055.62,56485849.74,29084443.92,31339774.36,40909689.88,35442622.42,14329807.26,26051665.08,29750767.62,19193957.26,27495794.3,17396408.16,30248860.42,74662223.4,44155799.34,121803719.42,74348411.3,26756645.58,103414283.88,38900603.8,30698610.88,38648819.18,40297710.68,92444759.24,30701746.28,34358963.04,20943065.44,23763041.74,20053310.04,18085396.74,29390102.66,16554900.24,20444642.06,156607980.92,154720695.88,20590659.7,34999871.42,35168398.76,39582119.8,35995481.02,25717861.54,17510911.56,33835738.46,46844843.92,80471231.2,53745826.88,71700722.22,49695579.28,78572821.88,65523789.7,50459270.84,21289857.5,50195093.82,28252209.76,42425243.44,19417642.86,33562043.02,30933506.26,34313245.02,24163095.34,22639940.78,18234027.86,23123942.4,35153012.52,30931894.84,21643910.34,61910602.28,93884352.65,166883232.44,69290686.06,62084629.11,61666942.47,52675606.8,49561112.56,27848848.74,37036659.17,14044696.4,18264787]}


